Random waveform, supplied seed
Total number of intervals = 85 (8195, 158594, 149766, 10382, 170548, 150565, 137144, 143496, 144743, 116745, 129314, 144723, 117379, 119931, 132052, 143350, 143518, 172981, 94027, 170019, 179090, 47130, 19439, 128963, 23787, 61848, 101968, 108767, 97139, 158594, 141240, 41405, 57997, 133577, 53832, 139832, 170515, 128494, 20789, 63647, 64802, 55719, 174179, 106356, 178750, 105831, 110667, 8803, 45662, 30867, 45656, 100938, 132360, 67591, 33910, 85729, 12884, 45621, 36938, 56902, 102243, 14085, 94103, 58175, 151312, 83333, 165153, 123975, 28449, 14903, 31189, 40636, 80574, 168820, 162621, 101621, 58592, 153042, 112238, 160265, 57109, 88551, 8385, 34088, 113600)
Average QPS expected = 95797
Timestamp start: 1747359314635
Timestamp end: 1747360164882

#type       avg     std     min      p5     p10     p50     p67     p75     p80     p85     p90     p95     p99    p999   p9999      QPS   target
read      189.7   177.4    63.8   108.7   123.4   182.3   201.7   213.7   222.3   232.5   246.8   269.7   326.5   917.6 10214.9   8150.3     8195
read      211.2    99.8    63.8   110.8   122.3   191.6   231.9   257.3   275.6   297.6   325.1   366.9   456.5   713.3  2423.2 158508.4   158594
read      206.3   109.9    59.1   106.2   116.8   183.5   225.3   251.9   271.8   294.8   322.4   364.7   456.8   930.3  3433.0 149747.2   149766
read      191.6   125.2    63.8   107.9   123.1   186.6   208.4   220.2   229.2   239.4   253.4   275.6   334.0   877.0  6371.4  10375.0    10382
read      261.8   119.5    63.8   124.2   140.4   237.4   290.8   324.0   350.2   382.2   421.8   476.8   579.7   734.3  2788.7 170485.7   170548
read      217.9   109.2    63.8   111.1   123.0   197.7   241.3   267.9   287.3   309.8   338.1   382.3   469.9   745.5  2893.4 150479.4   150565
read      210.7    93.6    54.7   106.4   117.2   188.0   233.3   261.7   282.1   305.6   334.5   378.1   466.8   745.8  1685.4 137411.4   137144
read      215.0   102.0    63.8   109.4   120.6   193.5   237.3   264.8   284.5   307.5   336.3   380.9   470.8   853.5  2746.0 143585.9   143496
read      228.9   123.5    63.8   113.5   126.8   207.1   252.3   279.0   298.6   321.3   352.2   400.2   509.2  1368.0  3553.3 144822.6   144743
read      214.6   110.4    63.8   103.7   114.0   187.5   237.7   268.8   290.9   315.5   345.3   393.6   497.9  1190.7  2657.6 116533.6   116745
read      217.0   115.2    63.8   106.9   118.0   192.4   239.3   268.3   289.2   313.3   343.1   391.1   493.8  1158.6  3282.3 129337.5   129314
read      228.0   116.7    63.8   113.9   127.3   206.7   251.9   278.7   298.2   321.1   351.7   398.7   500.8  1136.1  3588.8 144711.4   144723
read      218.1   115.7    63.8   105.0   115.7   191.8   242.2   272.9   294.9   319.5   350.6   399.2   500.1  1174.2  2901.8 117438.0   117379
read      217.5   290.1    59.1   105.0   115.5   189.9   239.8   270.5   292.4   317.2   348.2   397.5   497.4  1252.6  4056.8 119840.8   119931
read      225.8   119.5    68.9   110.1   122.0   201.6   249.7   278.3   299.1   323.4   355.6   404.2   510.5  1356.1  3291.6 132133.9   132052
read      227.9   126.0    63.8   113.2   126.4   205.6   250.8   277.5   297.1   320.0   350.1   397.8   504.1  1478.0  4191.1 143259.6   143350
read      224.1   116.9    68.9   111.7   124.3   201.9   247.0   273.7   293.5   316.5   345.6   393.3   495.9  1402.5  3238.5 143387.6   143518
read      308.4   153.8    68.9   142.3   163.7   275.6   335.4   381.3   419.0   460.0   504.6   563.3   673.1  1081.8  3969.7 172966.9   172981
read      218.7   115.7    63.8   103.2   113.4   191.7   248.1   279.6   301.0   324.6   354.3   399.9   494.7  1048.1  2967.5  93868.8    94027
read      311.4   147.6    68.9   139.5   159.9   279.9   344.8   391.5   427.4   467.6   513.8   575.9   686.5   961.6  3336.4 170070.3   170019
read      329.3   155.1    74.4   153.3   176.0   296.3   360.2   402.2   436.3   478.8   533.7   612.6   758.7  1074.9  3742.0 179206.3   179090
read      215.5   111.2    59.1   103.4   114.0   207.2   251.6   271.7   285.6   300.8   319.9   350.4   429.8   916.1  4797.1  47116.1    47130
read      219.3   156.1    59.1   107.7   122.4   208.6   238.6   254.4   266.4   279.8   297.3   328.9   446.1  2437.7  6413.4  19398.6    19439
read      268.0   371.7    63.8   107.3   119.0   203.2   255.3   285.1   306.7   332.5   368.2   440.6  1985.5  4351.8  8035.1 128871.7   128963
read      228.7   123.7    59.1   104.5   117.9   222.0   262.7   283.4   297.6   314.6   336.8   372.5   460.1   909.0  3373.6  23812.5    23787
read      249.2   170.6    59.1    98.8   109.0   223.4   287.7   323.3   348.3   378.0   412.4   461.1   600.3  2316.9  4211.3  61848.0    61848
read      218.3   131.1    63.8   101.6   111.3   185.8   243.4   276.6   299.0   323.8   355.9   409.6   560.0  1378.4  3381.6 101923.2   101968
read      214.7   143.8    63.8   102.8   112.7   185.9   240.0   272.3   294.0   317.4   345.4   392.7   509.6  1063.7  3154.5 108764.5   108767
read      221.2   161.3    59.1   102.1   111.9   187.8   246.8   278.9   300.5   324.1   353.9   402.2   555.7  2053.9  4019.5  97148.7    97139
read      267.4   262.6    63.8   122.9   139.2   232.8   280.8   309.0   330.2   356.8   393.4   458.0   772.8  3392.6  7609.4 158618.5   158594
read      228.9   162.2    68.9   110.4   122.2   198.9   246.2   274.5   295.5   319.7   351.6   402.5   569.2  2158.1  4200.3 141215.6   141240
read      236.2   112.3    59.1   101.8   113.0   226.5   277.7   304.1   321.6   342.0   368.6   406.3   488.5   844.1  2311.1  41544.1    41405
read      249.0   163.2    59.1   100.1   110.4   226.9   288.9   322.6   346.4   375.5   408.6   455.4   580.9  1907.0  4783.8  57898.1    57997
read      336.1   469.3    63.8   115.2   130.9   233.5   287.2   319.6   345.8   381.5   438.1   991.7  2962.4  3992.2  8097.3 133330.9   133577
read      246.9   248.8    63.8   100.6   111.1   226.0   284.3   315.3   337.1   362.9   394.4   436.4   539.6  1718.2 11576.4  53900.9    53832
read      280.1   343.6    63.8   112.9   126.4   216.4   267.3   297.0   319.9   349.0   392.4   479.7  1718.1  3660.9  7870.6 139903.7   139832
read      262.7   132.1    63.8   129.6   146.4   242.5   290.7   318.7   340.2   366.5   400.1   454.0   573.4  1172.5  3641.9 170550.1   170515
read      213.4   126.6    63.8   105.7   116.2   186.9   234.7   265.1   286.8   311.4   341.2   388.4   493.8  1005.9  3082.5 128503.3   128494
read      218.4    96.8    63.8   104.4   117.6   214.4   249.7   267.4   279.5   293.5   311.8   339.8   419.9   981.9  2507.1  20781.0    20789
read      254.3   207.9    59.1    99.7   109.7   222.8   287.5   323.2   349.0   380.5   416.1   465.6   679.3  2928.2  7039.7  63569.0    63647
read      250.9   206.1    59.1    99.0   108.9   223.2   290.7   327.9   354.4   384.7   419.3   466.8   591.9  2172.3  7389.7  64838.3    64802
read      248.0   148.6    63.8    99.7   110.0   227.3   289.3   322.8   346.1   373.6   405.5   450.9   570.7  1771.8  3075.8  55677.6    55719
read      251.8   203.9    68.9   121.1   136.2   220.9   263.7   289.0   308.2   331.8   364.2   419.3   992.6  3265.5  4526.5 173881.2   174179
read      209.0   114.3    59.1   100.2   109.8   181.8   234.1   266.7   288.7   312.7   341.1   385.7   487.7   945.6  2337.3 106292.3   106356
read      268.6   147.6    68.9   132.1   149.9   248.3   296.4   324.8   346.0   372.2   405.4   459.3   581.6  1375.9  5573.3 178774.4   178750
read      212.3   113.4    63.8   100.7   110.3   183.4   237.7   270.5   292.7   316.9   345.9   394.6   514.3   984.1  2787.6 105660.7   105831
read      210.9   110.8    63.8   100.9   110.6   183.2   235.3   267.5   289.5   313.7   342.9   390.5   507.8   978.4  2482.4 110566.0   110667
read      193.1    85.8    59.1   102.1   116.1   183.9   208.4   222.5   232.6   246.3   265.5   302.1   411.0   936.9  2689.1   8798.5     8803
read      243.1   145.4    63.8   100.5   111.4   226.6   283.4   312.6   332.4   355.0   383.7   426.7   546.5  1615.8  4379.7  45596.5    45662
read      229.1   160.2    59.1   103.2   115.5   218.9   261.0   282.3   296.9   314.7   337.4   373.6   473.8  1529.9  7385.8  30886.9    30867
read      243.0   152.6    59.1    99.5   110.3   225.8   281.8   310.8   330.6   353.3   382.6   425.1   549.6  1773.1  4290.3  45587.5    45656
read      219.8   145.8    63.8   100.6   110.2   186.0   244.4   278.2   301.2   326.8   360.1   416.2   570.7  1542.6  5104.4 100893.1   100938
read      215.2   147.6    59.1   104.7   115.2   186.2   233.1   262.8   284.1   308.6   338.7   386.2   518.8  1785.1  3977.9 132458.2   132360
read      244.3   159.6    59.1    98.4   108.2   216.7   282.8   319.0   344.8   375.6   410.9   460.0   585.0  1949.9  4035.8  67589.3    67591
read      230.9   133.5    54.7   101.0   112.7   220.2   268.4   291.9   307.7   324.9   346.4   384.8   482.5  1259.1  5781.7  33890.1    33910
read      253.1   247.9    63.8    98.6   108.5   205.4   284.6   333.1   367.1   402.2   441.7   498.9   647.1  2817.2  7153.8  85814.4    85729
read      194.8    86.9    59.1   102.2   116.4   188.2   215.7   230.1   240.2   252.3   268.8   294.6   368.7   871.7  3301.5  12927.3    12884
read      238.9   147.2    63.8    99.4   109.8   222.9   278.0   306.7   325.5   346.5   373.5   413.8   506.7  2101.8  3652.2  45590.6    45621
read      233.2   151.4    59.1   100.5   111.6   220.4   270.0   294.5   311.1   329.6   352.5   390.1   482.6  1825.1  5041.8  36918.2    36938
read      244.8   151.6    63.8    98.1   107.8   223.4   285.3   319.0   342.2   369.0   399.7   443.6   570.0  1912.6  3492.1  56840.4    56902
read      219.4   148.5    59.1   100.1   109.8   185.2   241.9   275.2   298.2   323.9   358.4   418.1   581.6  1785.9  4251.0 102392.2   102243
read      196.1    84.2    59.1   101.5   115.3   189.5   218.0   232.5   243.2   255.0   271.8   297.9   371.9   900.2  2375.1  14055.1    14085
read      260.4   207.1    63.8   100.7   111.1   203.9   284.5   340.8   380.3   420.1   465.3   533.6   760.2  2746.2  4472.9  94134.7    94103
read      244.7   156.7    59.1    98.0   107.6   222.2   284.4   318.7   342.4   369.4   401.3   445.8   573.9  1891.4  3231.3  58161.2    58175
read      270.1   341.2    59.1   113.3   127.4   216.5   264.6   292.0   312.7   338.2   373.4   438.5  1714.8  3708.4  7920.7 151437.4   151312
read      243.1   187.8    63.8    98.2   107.7   201.9   276.0   318.0   348.2   384.5   425.0   481.0   600.1  2166.9  6334.6  83250.2    83333
read      254.1   208.1    59.1   119.4   134.3   220.1   264.8   290.7   310.3   334.2   366.7   423.1  1318.4  2650.7  5367.1 164856.8   165153
read      208.0   140.9    63.8   101.9   111.7   181.2   228.0   257.9   279.2   303.7   332.7   375.2   478.1  1339.6  3361.7 123969.5   123975
read      221.3   108.9    59.1   101.9   114.1   212.6   254.4   274.8   289.5   306.0   326.0   359.9   448.8  1228.4  2471.0  28470.0    28449
read      203.3   182.9    59.1   102.8   116.1   194.2   224.5   239.7   251.1   265.0   282.7   310.9   387.1   920.0 10340.0  14939.6    14903
read      225.5   119.7    63.8   101.2   113.2   216.6   261.7   283.6   297.9   314.4   335.2   368.5   455.0  1200.5  3525.7  31246.8    31189
read      217.4   106.0    63.8   103.0   113.9   211.0   250.5   270.0   284.0   299.8   320.2   355.4   436.8  1082.2  2918.4  40677.1    40636
read      206.4    94.4    54.7    97.6   106.6   185.9   242.2   270.5   288.6   307.9   330.8   365.6   442.6   626.4  1833.7  80496.4    80574
read      230.2   117.1    63.8   118.5   132.5   211.5   252.7   277.0   295.2   316.9   345.2   392.2   497.9  1251.6  3559.1 168718.1   168820
read      262.3   232.3    59.1   119.4   134.5   224.0   269.3   295.2   314.8   339.3   372.9   436.0  1409.9  3279.1  6236.7 162660.5   162621
read      214.9   156.1    63.8    98.6   108.0   182.4   236.5   269.3   291.4   315.5   344.6   393.7   553.7  2119.1  4725.5 101684.7   101621
read      248.0   192.1    59.1    97.6   107.2   220.9   282.1   315.6   339.2   366.7   400.8   449.7   687.8  2789.3  4455.0  58687.5    58592
read      247.7   260.3    68.9   110.9   123.6   206.1   252.8   279.8   299.7   323.6   356.9   414.9  1352.1  3447.8  7612.7 152914.9   153042
read      207.7   125.8    59.1    99.1   108.7   179.9   230.4   262.2   284.1   308.3   337.2   380.3   480.8  1360.1  4576.7 112100.3   112238
read      232.8   176.1    59.1   113.2   126.6   205.4   249.3   275.0   294.4   317.5   347.8   398.5   554.4  2547.9  5431.3 160179.0   160265
read      210.0   108.5    54.7   100.9   110.9   202.7   246.9   266.3   279.1   294.0   312.9   341.3   413.4   583.7  4725.4  57211.3    57109
read      203.6    88.2    59.1    98.3   107.7   185.4   239.5   266.5   282.7   299.5   319.4   349.0   424.8   554.0  1816.7  88423.4    88551
read      177.2   140.4    59.1   103.2   116.7   171.4   187.5   197.8   205.3   215.2   229.0   251.8   315.8   897.4  8650.6   8429.2     8385
read      203.4    71.3    59.1   104.7   116.0   203.7   232.1   246.6   256.4   269.1   285.2   310.9   370.3   490.1   925.7  34120.9    34088
read      200.0    94.0    59.1    98.7   108.0   176.9   226.1   257.2   277.5   299.1   323.2   358.2   433.7   591.2  2208.1 113445.6   113600

Total QPS = 95778.4 (81411632 / 850.0s)

Total connections = 64
Misses = 0 (0.0%)
Skipped TXs = 0 (0.0%)

RX 20108672610 bytes :   22.6 MB/s
TX          0 bytes :    0.0 MB/s
Warning! Detected max cpu usage > 95%
CPU Usage Stats (avg/min/max): 99.86%,39.39%,100.00%
