#type       avg     std     min      p5     p10     p50     p67     p75     p80     p85     p90     p95     p99    p999   p9999      QPS   target       ts_start         ts_end
read      407.2   315.3    93.8   159.7   179.9   322.3   404.0   470.3   532.9   608.5   712.2   928.9  1524.0  3888.5  6226.3  30074.6    30000  1746045618085  1746045628238
read      328.6   275.2    93.8   149.1   164.8   287.0   339.8   371.4   397.7   432.4   490.9   596.8  1132.8  4280.5  6386.0  30024.2    30005  1746045629751  1746045639890
read      352.4   431.1    93.8   146.8   162.6   283.9   339.2   373.1   401.6   441.3   507.8   667.6  1756.8  6334.8  9441.6  30107.4    30010  1746045641406  1746045651506
read      289.5   223.7    93.8   143.8   157.6   260.5   307.3   334.1   354.1   379.3   415.2   487.7   793.7  3626.3  6236.4  30130.4    30015  1746045653019  1746045663125
read      287.8   236.8    93.8   143.3   157.1   260.1   307.1   333.3   352.6   376.8   412.9   479.7   770.4  4146.3  7293.6  29996.9    30020  1746045664642  1746045674744
read      284.2   218.0    93.8   142.1   155.7   257.1   303.9   330.2   349.1   373.7   408.5   470.5   757.8  3604.4  6319.2  29975.7    30025  1746045676258  1746045686358
read      275.3   232.7    93.8   140.3   152.8   245.8   291.3   316.6   336.0   360.1   393.2   453.4   728.5  4201.3  6304.3  29970.5    30030  1746045687871  1746045697971
read      274.7   198.3    93.8   141.7   154.8   250.1   295.2   320.0   339.1   362.6   394.6   452.2   667.3  3292.8  6196.3  30025.8    30035  1746045699486  1746045709589
read      286.9   241.2    93.8   142.4   155.9   257.2   303.3   329.6   348.9   373.8   409.8   480.0   794.7  3707.9  7017.3  30013.9    30040  1746045711102  1746045721210
read      275.8   231.7    93.8   140.5   153.3   248.2   293.0   317.8   336.6   359.4   390.8   446.4   699.5  3872.7  6362.5  30049.7    30045  1746045722723  1746045732830
read      294.1   231.3    93.8   144.3   158.5   266.7   314.1   340.9   362.1   389.0   426.5   501.6   778.7  3233.7  7568.5  30090.9    30050  1746045734343  1746045744444
read      290.3   213.6    93.8   142.3   156.3   262.9   310.1   336.8   357.1   382.6   419.2   493.4   835.0  3325.8  6214.3  30112.6    30055  1746045745956  1746045756060
read      293.8   220.1    93.8   143.4   157.6   266.9   314.6   340.7   361.1   386.5   422.9   496.2   791.9  3541.7  6183.2  30031.2    30060  1746045757573  1746045767674
read      303.0   288.1   101.3   143.0   156.7   262.4   310.6   339.0   361.4   390.1   431.9   527.1  1064.2  4579.4  6403.2  30057.7    30065  1746045769187  1746045779288
read      305.5   274.1    93.8   145.0   159.9   270.6   318.5   345.0   366.1   392.5   429.4   505.5   983.1  4365.9  6375.6  30043.8    30070  1746045780802  1746045790911
read      276.0   193.0    93.8   143.3   157.0   252.4   297.4   322.2   340.7   363.5   394.0   447.7   651.5  3248.8  6134.3  29997.6    30075  1746045792424  1746045802525
read      293.7   237.8    93.8   146.5   161.1   265.7   313.4   339.7   359.5   383.8   418.4   483.3   744.1  4198.9  6661.8  30020.3    30080  1746045804040  1746045814144
read      289.4   230.7    93.8   144.9   158.9   261.4   309.1   335.1   354.7   378.6   413.1   476.4   790.4  3683.9  6371.9  30131.7    30085  1746045815657  1746045825765
read      280.2   216.4    86.8   142.8   156.3   252.8   298.7   324.4   343.4   367.3   399.1   458.4   708.9  3580.8  6174.7  30141.9    30090  1746045827278  1746045837381
read      320.0   271.4    93.8   149.1   164.8   283.7   334.1   362.8   384.8   413.1   456.5   551.0  1080.5  4284.4  6441.9  30127.8    30095  1746045838894  1746045848995
read      726.9   722.6   101.3   203.0   246.5   492.1   674.1   783.6   884.1  1089.0  1590.0  2281.2  3121.0  6382.0  8274.8  30083.5    30100  1746045850508  1746045860621
read     1020.4   858.8   109.4   365.3   410.5   736.7   990.2  1151.6  1323.9  1636.9  2129.4  2692.3  4985.4  6453.2  9320.2  25942.4    30105  1746045862135  1746045872235
read      878.1   787.6   109.4   301.2   343.5   630.0   825.8   961.3  1109.6  1377.5  1794.5  2454.8  3989.8  6430.9  9081.2  29036.0    30110  1746045873748  1746045883852
read      766.2   761.5   101.3   222.4   271.6   508.2   669.7   828.5   947.3  1157.8  1644.8  2342.5  3482.0  6406.2  8001.3  30121.9    30115  1746045885366  1746045895466
read      285.1   154.5    86.8   150.6   167.4   268.8   312.6   336.6   354.1   374.4   403.3   455.2   630.7  2146.3  4990.8  30093.9    30120  1746045896980  1746045907088
read      278.6   132.7    86.8   146.9   163.6   266.4   310.3   333.9   350.8   371.2   398.3   443.8   580.4  1512.0  4264.5  30077.1    30125  1746045908605  1746045918706
read      285.2   133.8    93.8   150.1   167.3   272.9   316.2   340.1   357.5   377.1   403.9   453.3   594.2  1699.3  4269.7  30095.3    30130  1746045920219  1746045930323
read      265.5   117.2    93.8   145.6   159.6   252.5   294.8   317.4   334.2   353.8   379.4   423.2   542.7  1359.1  3481.3  30218.6    30135  1746045931836  1746045941940
read      273.9   127.1    93.8   146.4   162.2   261.5   304.3   326.8   343.2   363.7   390.4   433.8   574.8  1717.9  3936.6  30133.7    30140  1746045943453  1746045953559
read      273.1   121.0    93.8   148.3   163.7   261.9   304.1   326.1   342.2   362.2   388.4   431.0   562.4  1081.2  4102.7  30140.3    30145  1746045955073  1746045965177
read      274.8   132.7    86.8   148.4   164.0   262.3   304.6   326.9   343.2   363.6   390.0   432.8   568.9  1672.1  4741.4  30220.0    30150  1746045966690  1746045976793
read      273.6   125.1    86.8   145.9   162.0   262.6   305.2   327.5   343.4   363.6   389.8   432.6   563.8  1420.6  4204.1  30153.0    30155  1746045978305  1746045988408
read      276.5   128.5    93.8   146.4   162.6   265.2   308.0   331.0   347.1   368.0   395.2   438.5   575.8  1237.3  4692.5  30160.9    30160  1746045989919  1746046000021
read      278.5   133.4    86.8   147.2   163.7   267.5   310.8   333.8   350.1   370.0   396.8   438.6   569.8  1227.3  4354.1  30124.6    30165  1746046001536  1746046011641
read      268.1   126.1    86.8   143.5   158.5   256.8   299.3   321.1   338.0   357.5   382.6   424.5   544.2  1591.9  4386.9  30192.7    30170  1746046013154  1746046023259
read      283.6   141.2    93.8   150.3   166.7   270.7   314.1   337.8   355.1   375.0   402.6   450.8   588.0  1854.6  5011.2  30241.2    30175  1746046024772  1746046034876
read      282.9   123.7    86.8   149.0   165.2   271.6   315.5   339.6   357.3   377.6   404.6   453.3   588.6  1053.8  3848.9  30215.2    30180  1746046036390  1746046046493
read      270.6   121.5    86.8   147.0   161.9   258.7   301.3   323.4   340.3   360.7   387.1   430.3   550.8  1165.4  4343.8  30151.1    30185  1746046048006  1746046058107
read      276.3   124.7    86.8   148.5   164.2   265.3   308.2   331.3   347.4   368.0   394.6   435.9   558.0  1163.7  4204.9  30091.1    30190  1746046059619  1746046069720
read      283.1   138.6    93.8   150.5   167.0   270.5   313.6   336.9   354.1   374.0   401.3   448.6   586.6  1846.3  4336.2  30250.5    30195  1746046071234  1746046081344
read      283.8   126.3    86.8   151.1   167.7   271.7   315.1   338.7   356.0   375.8   402.6   450.7   592.5  1509.8  3914.5  30167.3    30200  1746046082857  1746046092960
read      278.0   169.1    86.8   146.8   163.1   267.8   311.6   334.7   351.1   370.5   396.5   436.5   560.0  1068.7  4432.6  30198.0    30205  1746046094474  1746046104573
read      283.2   124.9    93.8   151.0   167.6   271.4   315.6   339.7   357.5   378.0   404.7   452.2   583.7   951.9  3821.2  30131.0    30210  1746046106087  1746046116189
read      287.5   132.3    93.8   152.0   168.9   273.5   318.9   343.6   362.2   383.9   412.2   461.1   610.5  1411.9  3482.1  30266.9    30215  1746046117701  1746046127804
read      281.6   128.0    86.8   150.2   166.3   267.9   312.3   336.6   354.4   374.6   403.2   452.7   591.4  1487.0  4118.5  30128.1    30220  1746046129318  1746046139420
read      284.5   124.7    93.8   148.5   165.2   271.8   316.7   341.4   359.8   381.2   408.7   457.8   604.2  1353.8  3874.8  30219.2    30225  1746046140933  1746046151036
read      273.4   121.2    86.8   148.9   163.7   261.5   305.2   327.7   343.9   364.3   390.5   431.9   550.7  1118.8  4155.2  30328.9    30230  1746046152550  1746046162652
read      277.6   139.8    93.8   149.8   164.9   262.0   306.5   330.5   347.7   369.7   398.6   446.6   589.9  1588.2  4564.8  30287.1    30235  1746046164164  1746046174270
read      271.0   119.2    93.8   146.4   161.0   258.2   301.9   324.8   342.0   362.9   390.0   433.6   561.1  1242.2  3661.9  30259.9    30240  1746046175785  1746046185884
read      273.9   126.9    93.8   150.0   164.8   260.3   303.5   326.4   343.2   364.2   391.6   434.9   563.0  1487.8  4448.8  30268.7    30245  1746046187397  1746046197498
read      282.6   137.9    86.8   147.9   164.2   268.2   314.1   339.3   357.7   378.8   406.9   457.0   598.1  1553.7  4746.0  30125.5    30250  1746046199013  1746046209118
read      289.3   128.4    93.8   152.1   169.1   275.6   320.8   345.6   364.2   386.0   414.8   463.7   617.0  1518.7  3486.8  30196.2    30255  1746046210632  1746046220735
read      280.8   136.9    93.8   149.9   165.9   265.9   310.3   334.2   351.6   372.6   401.4   450.2   596.5  1748.4  4823.3  30241.5    30260  1746046222250  1746046232352
read      291.1   155.6    86.8   149.7   166.4   270.2   316.0   342.1   362.3   386.6   419.9   482.7   733.7  1888.7  4476.6  30197.7    30265  1746046233866  1746046243972
read      285.8   157.0    93.8   148.5   164.6   269.2   314.0   338.6   357.0   378.8   408.4   461.6   641.6  2133.5  5068.0  30247.9    30270  1746046245487  1746046255593
read      281.8   132.4    93.8   151.3   166.3   266.5   312.3   337.4   355.6   376.8   405.2   455.6   596.2  1247.8  4289.6  30291.4    30275  1746046257110  1746046267215
read      276.1   114.3    93.8   150.5   165.8   263.8   307.3   330.6   347.3   368.4   395.6   438.4   566.1  1031.1  3135.3  30260.1    30280  1746046268729  1746046278831
read      286.0   126.4    93.8   147.4   164.7   273.7   319.4   344.5   363.3   385.3   413.7   460.7   597.1  1175.6  3909.2  30308.0    30285  1746046280345  1746046290453
read      277.7   132.8    93.8   145.0   161.3   265.7   310.1   334.1   351.3   371.6   399.4   445.2   577.6  1511.6  4387.5  30272.9    30290  1746046291968  1746046302082
read      276.7   126.9    93.8   150.4   165.6   262.5   306.5   330.3   347.1   368.6   396.3   441.2   578.2  1314.7  4183.2  30286.1    30295  1746046303595  1746046313700
read      282.0   122.7    93.8   151.9   167.8   268.0   312.7   337.4   355.5   376.4   404.3   453.6   588.7  1287.2  3700.9  30238.0    30300  1746046315215  1746046325319
read      287.1   142.8    86.8   150.6   168.0   274.7   318.7   342.9   360.9   381.6   408.7   456.7   595.5  1651.7  4395.2  30186.3    30305  1746046326833  1746046336938
read      265.4   133.1    86.8   145.4   159.4   251.5   294.6   317.2   334.2   354.2   380.1   422.9   535.6  1513.7  4859.0  30264.3    30310  1746046338451  1746046348554
read      278.8   128.9    86.8   147.7   164.3   267.4   310.5   333.7   350.5   370.9   398.2   442.0   575.1  1468.8  3672.3  30299.8    30315  1746046350069  1746046360171
