#type       avg     std     min      p5     p10     p50     p67     p75     p80     p85     p90     p95     p99    p999   p9999      QPS   target       ts_start         ts_end
read      218.9    77.1   127.6   161.9   168.9   211.4   229.7   239.8   247.9   256.9   271.1   295.4   368.9   600.9  3346.7  29898.6    30000  1746049720458  1746049730605
read      221.6    74.8   127.6   163.0   170.6   213.4   232.1   243.2   251.2   262.0   275.3   302.6   384.4   669.7  3206.5  29964.4    30005  1746049732118  1746049742252
read      220.2    74.1   127.6   164.3   173.1   213.9   231.5   241.6   249.1   257.7   270.6   292.5   351.6   518.2  3381.3  30117.1    30010  1746049743766  1746049753867
read      218.8    73.5   127.6   162.7   170.1   211.7   230.0   240.0   247.8   256.1   269.7   292.2   359.5   683.6  3039.9  30015.5    30015  1746049755379  1746049765480
read      220.3    71.0   127.6   163.0   170.8   213.1   231.5   242.0   249.8   259.2   272.2   295.2   366.9   614.6  3194.9  29961.1    30020  1746049766994  1746049777095
read      221.1    81.9   127.6   162.8   170.6   213.7   232.4   243.3   250.9   260.8   273.4   296.8   367.0   614.8  3716.9  30141.7    30025  1746049778609  1746049788713
read      220.1    72.0   127.6   162.8   170.5   212.9   231.4   242.0   249.9   259.6   272.8   296.4   365.0   579.4  3111.6  30036.7    30030  1746049790226  1746049800349
read      218.2    83.4   118.1   161.2   168.1   210.9   230.0   240.4   248.5   257.7   271.1   293.8   358.3   579.8  4067.6  30067.0    30035  1746049801863  1746049811964
read      218.9    78.2   127.6   161.6   168.8   211.6   230.4   240.9   248.9   258.2   271.7   294.8   360.3   607.0  3717.5  30069.0    30040  1746049813477  1746049823577
read      221.6    88.8   127.6   162.9   170.5   213.6   232.4   243.5   251.3   261.7   274.5   299.7   371.9   668.2  3698.5  30024.3    30045  1746049825091  1746049835198
read      219.5    79.2   127.6   162.3   169.7   212.4   231.1   241.6   249.4   258.8   271.8   294.4   358.7   571.9  3489.5  30033.1    30050  1746049836712  1746049846815
read      220.6    77.9   127.6   163.0   170.8   213.3   231.9   242.7   250.4   260.3   273.1   296.1   364.4   615.7  3793.0  30008.4    30055  1746049848328  1746049858427
read      217.9    67.7   118.1   161.2   167.9   210.8   229.9   240.3   248.6   258.0   271.5   294.5   362.7   568.3  2800.7  30064.9    30060  1746049859940  1746049870043
read      217.5    72.9   127.6   161.4   168.2   210.5   229.2   239.3   247.4   256.0   269.8   292.6   360.1   575.5  3274.3  30021.9    30065  1746049871556  1746049881657
read      221.9    82.1   127.6   164.2   172.8   214.8   232.9   243.6   251.1   261.0   273.3   296.4   363.8   572.3  3555.6  30071.7    30070  1746049883171  1746049893275
read      224.2    82.9   127.6   163.4   171.5   215.9   235.4   247.2   254.8   266.2   280.0   306.8   385.9   667.9  3231.5  30041.7    30075  1746049894787  1746049904889
read      224.4    88.6   118.1   161.9   169.4   213.4   233.0   244.9   253.1   265.2   281.1   314.5   432.9   991.1  3814.7  30111.5    30080  1746049906404  1746049916509
read      226.1    84.0   127.6   164.3   172.8   216.3   235.3   247.1   254.6   266.5   281.7   312.3   416.7   871.5  3197.9  30146.6    30085  1746049918023  1746049928130
read      230.5   120.2   118.1   162.0   169.5   213.8   233.7   246.0   254.4   267.5   286.2   327.2   562.0  1817.4  3801.4  30063.2    30090  1746049929642  1746049939741
read      225.5   107.9   118.1   161.7   168.9   213.1   232.7   244.7   253.2   265.8   283.2   319.5   459.1  1080.3  3489.3  30061.7    30095  1746049941257  1746049951355
read      220.5    78.0   127.6   159.5   166.5   210.1   229.7   240.8   249.6   260.6   275.5   310.4   431.5   867.5  3069.1  30130.4    30100  1746049952869  1746049962968
read      232.5   150.6   118.1   160.7   167.5   212.3   232.4   244.9   253.8   268.0   289.9   344.2   595.0  2284.8  5125.3  30119.4    30105  1746049964482  1746049974582
read      225.8    77.4   127.6   162.5   170.3   215.5   235.1   247.2   255.0   267.1   283.1   316.4   434.8   976.5  2768.3  30107.6    30110  1746049976096  1746049986197
read      226.1    88.4   127.6   163.5   171.5   215.5   234.8   247.0   254.8   266.9   282.7   314.9   429.3   968.0  3425.9  30013.3    30115  1746049987711  1746049997815
read      225.0    83.7   127.6   163.1   170.8   214.5   233.9   245.8   253.8   265.8   281.5   314.6   430.0   842.3  3170.0  30157.9    30120  1746049999331  1746050009432
read      223.4    88.1   127.6   161.7   168.7   212.9   232.6   244.3   252.4   263.8   278.5   312.2   431.3   962.9  3970.8  30007.5    30125  1746050010945  1746050021045
read      225.0   107.5   118.1   161.3   168.5   213.2   232.8   244.6   252.7   264.5   280.0   314.5   445.6  1296.9  4242.0  30151.9    30130  1746050022560  1746050032661
read      225.5    81.8   127.6   164.3   172.9   215.8   234.9   246.7   254.5   266.1   280.7   311.1   410.8   858.2  3387.7  30173.3    30135  1746050034174  1746050044276
read      220.9    80.9   118.1   161.7   169.0   212.4   231.8   242.8   250.8   261.0   273.8   299.5   381.3   841.7  3213.2  30186.7    30140  1746050045789  1746050055888
read      225.6    85.1   127.6   163.6   172.2   216.4   235.4   247.2   254.6   266.3   280.7   310.0   404.4   950.2  3581.2  30112.9    30145  1746050057403  1746050067506
read      227.0    77.5   127.6   165.1   174.0   218.3   237.9   249.6   257.9   268.7   283.5   311.2   400.2   789.9  3256.4  30157.8    30150  1746050069020  1746050079122
read      225.8    84.6   127.6   164.0   172.3   216.1   235.4   247.5   255.4   267.1   281.9   310.9   409.2  1051.7  3229.7  30174.1    30155  1746050080635  1746050090740
read      224.1    90.0   118.1   163.2   171.0   214.7   233.9   245.7   253.6   265.0   279.0   307.8   397.9   867.4  4228.6  30035.9    30160  1746050092255  1746050102357
read      222.2    72.0   127.6   163.6   171.7   214.6   233.2   244.4   252.1   262.6   274.8   299.8   380.5   607.2  3212.3  30162.7    30165  1746050103869  1746050113970
read      221.2    73.9   127.6   162.7   170.5   213.8   232.8   243.8   251.4   261.4   273.4   296.7   373.9   602.7  3206.0  30094.9    30170  1746050115483  1746050125583
read      223.5    83.9   127.6   162.7   170.5   214.8   234.6   246.4   254.2   265.4   278.8   306.2   387.2   784.3  3381.9  30208.2    30175  1746050127099  1746050137205
read      222.6    77.7   127.6   163.1   170.9   214.5   233.6   245.1   252.8   263.8   276.4   303.4   380.3   628.7  3703.3  30195.0    30180  1746050138719  1746050148826
read      221.9    75.1   127.6   163.9   172.1   214.7   233.2   244.2   251.7   261.8   273.8   297.5   371.5   586.7  3860.0  30209.6    30185  1746050150341  1746050160447
read      217.6    80.6   118.1   160.5   167.4   210.4   229.3   239.4   247.7   256.5   270.1   292.9   362.7   650.7  3304.6  30197.8    30190  1746050161965  1746050172065
read      216.7    68.8   118.1   161.8   168.8   210.3   228.7   238.1   246.0   254.0   267.0   287.8   354.0   621.3  3095.5  30132.6    30195  1746050173577  1746050183678
read      221.2    78.4   118.1   163.2   170.8   212.9   231.5   242.0   249.6   258.9   271.8   296.2   397.2   794.5  3092.1  30188.3    30200  1746050185190  1746050195290
read      222.4    93.4   127.6   160.7   167.4   211.2   230.7   241.9   250.3   261.1   275.1   310.6   451.0  1099.8  3173.9  30138.4    30205  1746050196802  1746050206904
read      219.1    85.3   127.6   162.2   169.3   211.4   230.0   240.2   248.1   256.6   269.7   292.4   373.0   702.5  3914.7  30244.0    30210  1746050208420  1746050218522
read      216.1    67.6   127.6   161.3   167.9   209.6   228.2   237.8   245.8   253.9   267.1   288.1   350.9   586.5  3076.4  30203.9    30215  1746050220036  1746050230138
read      216.0    88.3   127.6   160.2   166.7   208.2   227.4   237.2   245.4   253.7   267.1   289.1   363.7   690.6  3714.7  30180.0    30220  1746050231652  1746050241753
read      215.0    82.6   118.1   161.1   167.5   207.7   226.0   235.0   243.2   251.9   264.8   286.0   358.2   639.5  3372.4  30204.1    30225  1746050243266  1746050253367
read      218.5    81.7   127.6   161.7   168.5   210.8   229.7   239.7   247.7   256.1   269.5   292.0   371.8   746.1  3681.1  30228.3    30230  1746050254880  1746050264981
read      219.0    75.1   127.6   163.1   170.3   211.6   230.0   239.9   247.8   256.2   269.5   292.0   366.6   698.2  3450.6  30243.1    30235  1746050266494  1746050276601
read      219.7    92.4   127.6   163.2   170.5   211.8   230.5   240.7   248.5   257.1   270.0   292.2   366.7   757.5  4170.9  30256.6    30240  1746050278113  1746050288217
