Random waveform, supplied seed
Total number of intervals = 134 (5319, 118456, 14807, 156463, 28584, 8060, 173248, 35709, 53312, 142106, 67298, 9202, 112614, 14678, 84900, 78527, 71117, 143897, 63774, 105494, 52991, 8157, 45523, 143551, 32455, 140524, 79870, 68547, 167378, 71048, 23332, 108627, 31521, 15365, 93741, 88752, 75839, 47638, 164553, 26684, 103013, 168492, 71479, 98086, 145673, 168771, 34906, 28933, 99751, 124678, 108827, 59514, 75254, 14326, 129032, 144334, 67748, 31935, 152964, 24510, 142233, 101923, 56806, 63569, 160336, 21899, 7042, 29634, 150091, 37119, 121334, 93398, 103013, 165910, 80452, 42779, 48458, 122177, 80746, 85092, 159254, 41774, 127008, 76766, 57778, 124636, 99557, 8674, 157899, 11532, 63522, 70274, 142650, 108738, 132659, 24898, 7593, 17596, 136415, 142719, 38570, 9330, 166088, 101314, 147935, 39225, 173098, 127770, 97194, 30527, 109837, 66634, 43157, 99823, 108232, 39166, 44521, 104945, 97301, 73173, 40131, 176336, 127312, 97810, 50882, 72895, 97764, 162367, 31031, 177679, 122047, 167697, 9912, 136895)
Average QPS expected = 85376
Timestamp start: 1747425076197
Timestamp end: 1747425876467

#type       avg     std     min      p5     p10     p50     p67     p75     p80     p85     p90     p95     p99    p999   p9999      QPS   target
read      170.8   123.5    63.8   104.1   115.6   166.2   180.1   187.1   193.6   200.2   210.8   228.1   278.6  1270.6  7442.4   5280.3     5319
read      197.2    87.2    63.8   103.9   113.5   176.9   217.0   242.2   261.2   282.6   309.0   346.6   429.6   667.1  2136.8 118035.8   118456
read      187.4   106.0    63.8   110.9   124.3   185.3   201.3   210.7   216.8   225.3   234.7   252.4   302.4   912.8  5589.8  14810.2    14807
read      200.7    83.6    68.9   111.0   122.0   184.7   218.3   239.0   255.3   274.7   300.2   338.5   420.2   691.7  1980.2 156464.5   156463
read      196.3    73.8    59.1   107.3   118.1   198.4   221.0   232.2   240.3   250.0   262.6   281.3   322.8   512.8  2971.7  28721.0    28584
read      177.3   157.0    63.8   109.8   123.0   175.9   189.5   197.4   202.3   210.4   218.4   234.1   272.8   857.3  2229.6   8050.3     8060
read      209.2    95.2    68.9   117.9   130.7   195.9   227.8   247.0   261.7   279.3   302.9   339.7   420.7   670.8  2795.7 172964.8   173248
read      198.9    79.8    63.8   106.7   116.7   201.5   227.1   239.6   248.8   259.2   272.0   292.4   336.8   451.8  3198.6  35701.0    35709
read      200.0    77.8    63.8   104.3   113.5   198.1   233.8   250.3   261.5   273.3   289.5   312.9   362.7   452.7  1483.2  53127.3    53312
read      200.8    93.9    68.9   107.7   118.1   182.3   218.6   241.3   258.7   279.3   305.7   344.1   427.3   980.1  2647.8 142045.8   142106
read      203.4    86.7    63.8   103.2   112.3   190.1   236.0   259.2   274.1   291.4   311.9   341.1   403.5   585.6  1797.8  67362.2    67298
read      179.4    63.7    68.9   110.6   124.8   178.3   193.1   201.0   207.7   215.0   224.9   239.7   279.1   858.5  2515.2   9220.5     9202
read      202.2    99.8    63.8   104.8   114.6   181.4   223.0   248.5   267.4   289.1   315.5   354.5   438.5   791.8  3180.6 112496.2   112614
read      189.6    62.9    59.1   109.7   123.1   189.8   207.9   217.3   224.7   232.6   244.1   262.5   306.0   817.3  1900.2  14684.5    14678
read      202.9    95.0    63.8   103.0   112.3   183.7   230.6   256.7   274.0   293.6   316.8   350.7   428.0   683.8  2986.0  84811.0    84900
read      204.0    99.1    68.9   103.1   112.4   185.7   233.6   259.0   275.5   294.2   316.4   347.6   421.5   740.4  2542.1  78734.8    78527
read      204.7    93.5    63.8   103.3   112.5   189.3   236.5   260.9   276.3   293.8   314.9   345.0   415.6   633.9  2797.4  71313.0    71117
read      205.3   105.2    68.9   109.8   120.6   186.5   223.1   245.7   263.0   283.6   310.2   350.0   440.5  1090.2  2854.4 143859.5   143897
read      204.3    80.8    63.8   103.7   113.1   193.6   238.5   260.6   274.6   290.8   310.4   339.1   400.5   528.2   961.4  63810.8    63774
read      202.0   118.3    63.8   103.8   113.3   180.1   223.2   249.4   268.5   290.0   315.8   353.0   432.8   930.3  5067.6 105437.7   105494
read      205.9    95.0    63.8   103.9   113.2   199.5   239.9   259.4   272.2   287.0   304.6   331.5   391.7   615.1  3144.7  53072.5    52991
read      177.1    68.3    68.9   111.0   124.9   175.5   188.8   197.0   202.1   210.1   218.3   233.7   273.7   867.2  3007.9   8122.2     8157
read      203.2    90.8    63.8   103.4   112.8   200.7   236.8   254.3   266.1   278.9   294.9   318.7   371.6   515.0  2845.2  45552.3    45523
read      204.0   104.0    63.8   109.0   119.6   184.8   221.4   244.3   261.7   282.5   309.3   348.6   439.4  1071.7  3355.3 143494.5   143551
read      201.0    72.4    63.8   105.4   115.8   202.6   229.5   243.4   253.0   264.7   278.0   299.2   346.9   524.6  1452.3  32375.2    32455
read      205.6   112.8    68.9   109.4   119.9   185.9   222.9   245.9   263.8   285.0   312.1   353.2   448.7  1234.3  3134.9 140421.7   140524
read      202.0    87.7    63.8   103.0   112.1   184.4   232.1   257.8   274.6   293.1   315.1   345.8   412.0   579.3  1480.1  79599.5    79870
read      203.5    88.9    59.1   102.9   112.1   189.9   236.8   260.1   275.1   292.1   312.5   341.6   404.7   580.5  1952.1  68537.8    68547
read      203.8    89.7    68.9   113.2   125.4   189.0   222.0   242.1   257.6   275.9   300.4   337.6   415.9   681.1  2635.5 167168.7   167378
read      203.4   116.9    59.1   102.6   111.7   189.3   234.5   255.8   269.6   285.1   304.0   334.1   417.4  1109.4  4830.0  71096.3    71048
read      206.7    95.9    59.1   106.3   118.5   207.3   232.4   246.0   255.0   266.7   280.3   302.0   350.6   827.7  4398.3  23277.8    23332
read      254.5   216.4    63.8   108.5   120.0   203.6   262.9   304.4   339.2   383.3   438.7   532.3   775.7  2926.7  7140.6 108491.5   108627
read      229.5   156.8    63.8   102.4   114.4   213.7   254.7   276.8   292.8   311.4   335.2   373.2   538.3  2229.3  4636.9  31524.0    31521
read      199.2    84.8    63.8   104.2   117.1   193.9   222.1   236.8   248.1   261.0   276.5   301.0   360.5   855.8  2329.4  15438.7    15365
read      258.1   199.3    63.8   104.2   115.2   209.0   283.5   334.1   368.3   404.6   449.3   517.4   711.0  2275.3  6040.9  93700.5    93741
read      253.0   183.2    63.8   103.1   113.9   209.8   282.1   329.0   361.4   395.6   435.8   499.5   675.6  2009.6  6024.5  88830.8    88752
read      242.4   135.7    63.8   101.2   111.1   212.6   279.8   319.3   347.0   377.4   412.9   464.0   588.4  1276.0  2475.4  75932.8    75839
read      222.4   109.2    59.1   104.1   115.1   213.9   254.8   276.5   292.2   310.5   333.7   369.4   464.6  1058.3  2792.6  47522.7    47638
read      265.4   245.6    68.9   119.5   134.3   217.3   260.2   285.9   305.5   330.3   365.7   434.9  1520.7  2588.0  4997.8 164392.7   164553
read      200.3   135.4    59.1   106.7   118.1   196.1   219.4   231.5   240.4   251.4   266.4   290.4   360.2  1563.2  5435.7  26718.2    26684
read      199.6    98.6    59.1   103.1   112.5   178.3   221.6   247.8   266.5   287.4   312.3   347.4   432.7   849.4  2580.8 102931.7   103013
read      220.5   147.1    63.8   116.1   129.4   198.9   233.6   254.8   270.9   290.5   316.3   359.6   509.3  2008.7  4547.4 168478.0   168492
read      204.5   112.1    63.8   103.4   112.9   189.3   234.3   256.4   270.7   286.9   306.8   337.5   424.9  1127.7  4181.5  71586.0    71479
read      234.5   144.6    68.9   105.5   116.1   195.2   252.5   289.3   318.3   356.7   406.3   481.1   639.1  1228.7  4043.2  97765.3    98086
read      230.9   230.2    68.9   110.0   121.2   192.2   232.0   256.1   273.9   295.5   323.4   372.4  1385.6  3228.0  5439.9 145813.8   145673
read      214.3   154.3    63.8   114.3   127.1   193.8   228.3   249.2   265.2   284.2   309.3   347.9   452.8  3052.7  4373.5 168642.8   168771
read      224.2   103.1    59.1   103.5   115.0   216.9   257.2   278.7   293.6   311.1   332.6   365.2   443.1  1054.1  2518.6  34975.2    34906
read      222.6   100.9    63.8   104.0   115.9   218.6   255.7   274.5   287.9   302.8   320.6   349.2   427.5  1038.8  2674.3  28928.0    28933
read      266.9   177.3    63.8   109.6   121.4   215.5   291.3   347.8   386.8   427.2   475.2   550.7   727.6  1897.6  4055.8  99642.3    99751
read      351.1   478.5    63.8   115.8   131.1   225.9   270.9   297.7   320.1   354.5   464.2  1375.1  2743.2  4015.8  7916.6 124747.5   124678
read      257.6   196.6    63.8   108.4   119.9   200.0   256.3   299.4   340.3   397.8   471.5   584.9   887.8  2363.8  4065.9 108841.5   108827
read      245.0   172.6    68.9   102.6   113.1   224.2   280.6   312.9   335.8   361.6   392.3   435.1   540.4  2369.7  6585.2  59465.8    59514
read      247.9   163.5    63.8   103.2   113.6   215.0   281.3   320.3   348.2   379.4   416.8   470.0   616.4  2095.2  4006.4  75445.7    75254
read      201.9    93.0    59.1   106.7   121.2   199.3   222.2   234.0   243.4   253.5   267.9   290.0   347.1  1078.7  2909.8  14366.3    14326
read      337.3   506.6    63.8   115.5   130.3   221.8   265.4   291.1   311.8   340.2   396.4  1158.8  3083.5  4387.2  8932.6 128812.5   129032
read      225.0   242.8    68.9   109.9   120.8   190.4   229.5   253.1   270.6   291.4   318.0   361.7   630.4  3428.8  5385.3 144621.7   144334
read      245.5   143.7    63.8   103.8   114.2   220.6   282.7   318.2   343.9   373.7   409.3   461.0   572.5  1520.3  3904.3  67559.2    67748
read      230.4   111.7    59.1   105.2   117.4   224.0   265.0   286.1   300.6   317.1   338.1   369.5   450.9  1093.7  3590.0  32039.2    31935
read      282.0   364.1    68.9   118.9   133.7   221.2   262.1   285.4   302.9   324.9   357.6   427.2  2475.2  3491.2  7733.9 152772.8   152964
read      217.6    93.6    63.8   105.1   117.6   213.4   246.1   263.9   275.6   290.6   309.1   337.1   406.9  1129.3  2167.8  24537.8    24510
read      330.6   457.4    63.8   117.5   132.9   230.4   275.1   301.4   321.2   349.7   400.8  1222.9  2866.5  4350.2  8026.0 142224.0   142233
read      245.1   168.1    63.8   106.6   117.5   198.7   258.0   299.7   335.2   380.6   437.3   522.0   691.2  1857.0  4618.4 102048.3   101923
read      248.2   171.3    63.8   102.9   113.6   224.9   282.3   315.2   338.3   364.4   395.9   442.1   590.7  2371.2  3856.9  56893.5    56806
read      245.6   161.1    63.8   102.2   112.6   220.3   279.4   314.2   338.8   366.7   400.2   450.9   593.4  2084.5  3836.1  63626.3    63569
read      251.0   286.3    63.8   117.0   130.9   209.6   249.6   272.9   290.5   312.0   341.0   394.0  1403.4  3479.9  7149.6 160010.3   160336
read      211.1   101.1    63.8   103.9   116.3   207.5   237.2   253.3   264.8   277.0   293.9   319.0   389.3  1072.9  2714.2  21845.5    21899
read      178.1    72.9    68.9   104.5   117.1   174.9   191.2   200.1   207.2   215.4   227.4   247.0   306.0   872.7  2727.7   7018.5     7042
read      223.7   118.4    63.8   103.9   116.0   216.9   254.6   274.1   288.1   303.6   321.8   352.9   437.8  1351.2  3106.8  29681.8    29634
read      269.8   360.3    63.8   113.8   127.8   210.2   251.4   274.5   292.2   314.0   344.1   406.1  2212.1  3674.3  7810.5 150106.5   150091
read      227.6   150.2    63.8   102.5   113.7   217.4   259.8   283.0   298.9   316.8   339.0   370.8   457.3  1493.9  7949.8  37093.3    37119
read      324.3   381.8    68.9   112.7   126.9   216.2   264.4   295.8   325.4   380.3   619.6  1091.0  2045.3  3264.8  7547.9 121112.0   121334
read      248.9   183.9    63.8   105.1   116.0   204.5   273.8   321.7   357.7   396.6   440.9   504.5   639.2  1371.9  9539.5  93337.8    93398
read      250.7   162.4    63.8   106.9   118.2   201.0   264.3   312.2   353.0   399.9   455.2   535.7   705.9  1826.0  3427.1 103126.2   103013
read      238.0   213.3    68.9   116.3   129.8   205.0   243.3   266.0   282.7   303.4   331.6   381.3  1318.6  3177.3  4267.4 165971.3   165910
read      243.2   136.9    68.9   103.0   113.5   210.3   274.8   314.1   343.0   376.8   417.0   473.8   623.8  1328.5  2533.1  80455.5    80452
read      231.6   158.8    63.8   103.5   114.8   218.2   261.8   285.6   302.4   321.1   344.8   381.7   490.6  2089.1  5559.8  42795.8    42779
read      238.6   123.2    59.1   101.4   112.5   225.2   276.7   305.7   325.5   346.6   372.3   409.8   503.6  1432.5  2771.9  48300.2    48458
read      384.1   497.7    63.8   117.8   134.3   233.5   281.5   313.8   343.7   406.8   940.9  1447.3  2611.6  3841.2  7958.0 122151.8   122177
read      249.4   149.1    54.7   103.3   113.9   213.9   286.2   329.8   360.1   392.9   431.3   487.6   617.7  1403.2  4079.2  80615.5    80746
read      253.7   176.0    63.8   104.1   114.9   212.7   286.2   332.8   364.9   398.8   438.1   499.0   640.3  1923.5  5178.9  85090.3    85092
read      244.2   260.4    63.8   114.7   128.1   204.5   245.4   269.6   287.9   309.9   339.4   392.7  1369.0  3417.9  7158.7 159257.0   159254
read      230.6   160.7    68.9   102.4   113.4   218.2   262.2   286.9   304.4   323.8   348.0   386.2   475.6  1567.7  7088.3  41750.5    41774
read      390.2   553.1    68.9   118.5   135.6   238.4   283.7   312.0   336.7   375.9   708.9  1479.2  3150.6  4350.3  7991.9 126909.8   127008
read      245.7   175.7    63.8   102.8   113.0   210.2   274.7   313.5   341.7   374.2   414.0   469.7   633.9  2176.3  5207.5  76568.5    76766
read      246.8   156.2    63.8   102.1   112.7   225.2   283.3   316.8   339.8   365.6   396.3   439.9   558.1  2079.4  3787.1  57737.0    57778
read      369.0   450.9    68.9   115.4   131.3   234.2   283.3   314.5   342.6   396.8   907.6  1425.2  1999.0  3757.1  7801.3 124658.5   124636
read      259.6   184.2    63.8   107.0   118.5   206.8   278.4   333.8   375.8   419.0   468.0   543.0   705.3  2128.4  4671.8  99528.3    99557
read      184.1    74.6    63.8   106.0   120.0   180.5   198.5   208.9   216.2   225.7   236.2   258.2   319.1   915.9  2949.1   8661.2     8674
read      281.7   313.7    63.8   119.0   134.0   223.6   268.7   294.7   314.9   340.7   378.6   467.8  1626.5  3457.3  7296.3 157956.5   157899
read      189.3    74.3    63.8   106.4   120.7   185.5   205.9   217.4   226.1   235.1   249.5   271.4   334.2   866.6  2881.9  11667.0    11532
read      250.3   180.0    68.9   102.4   113.2   222.9   285.8   320.9   345.2   372.3   404.4   454.3   627.7  2236.0  5859.0  63445.3    63522
read      252.7   188.5    63.8   102.4   112.9   219.2   286.0   324.4   351.6   381.6   417.6   469.2   632.3  2588.7  4816.3  70287.2    70274
read      298.2   361.8    63.8   113.8   127.8   217.1   264.1   290.8   311.5   338.5   383.8   920.3  1676.9  3624.1  7552.5 142535.5   142650
read      246.4   164.2    63.8   106.6   117.8   196.1   250.1   288.0   320.0   369.2   449.4   573.5   804.6  1388.4  3013.4 108787.0   108738
read      355.4   470.2    63.8   117.5   133.1   234.0   280.5   308.5   331.8   366.4   469.4  1399.2  2679.3  4086.4  7882.7 132683.8   132659
read      216.3   115.5    63.8   104.2   116.3   210.8   244.3   262.1   273.7   288.4   306.2   333.8   403.8  1374.1  3377.2  24923.0    24898
read      178.8    72.5    59.1   106.2   120.3   174.9   191.8   200.9   208.5   216.7   228.6   248.6   307.1   864.7  3107.7   7600.3     7593
read      205.2    93.3    63.8   105.1   118.0   200.6   228.3   242.8   252.9   265.4   280.6   306.0   374.8  1134.0  3074.6  17634.8    17596
read      316.0   440.1    63.8   114.5   128.9   222.3   269.0   295.0   315.6   342.2   387.1   876.4  2917.4  4109.8  7897.9 136352.7   136415
read      253.8   338.8    63.8   111.4   123.5   199.4   243.6   269.8   288.6   310.9   340.1   391.3  2073.3  3544.5  7647.1 142992.2   142719
read      230.0   131.2    63.8   103.2   114.6   217.6   261.8   285.7   302.3   320.9   344.3   380.5   480.5  1824.9  2991.7  38601.3    38570
read      184.7    66.4    68.9   106.1   121.0   182.0   200.3   211.0   218.0   227.9   239.7   260.8   319.6   845.1  2340.6   9330.8     9330
read      306.9   368.1    74.4   128.6   145.8   240.2   283.3   308.8   328.3   353.9   392.8   494.7  1854.8  4020.4  7795.8 165806.5   166088
read      241.9   178.3    63.8   106.0   116.7   194.8   250.9   288.5   319.0   362.2   425.8   526.5   734.0  1973.6  3573.8 101439.7   101314
read      209.2   129.7    68.9   109.8   120.6   186.0   222.9   245.8   263.4   284.5   311.7   354.0   476.1  1716.3  3413.8 148050.7   147935
read      226.9   116.9    63.8   103.0   114.2   215.3   258.5   282.2   298.9   318.4   342.0   376.7   470.7  1460.3  2702.2  39051.8    39225
read      345.6   331.4    74.4   148.9   170.1   274.5   321.0   350.7   373.8   404.0   453.4   764.0  1696.3  3433.4  7394.1 172714.7   173098
read      338.6   476.9    68.9   114.0   128.4   223.5   271.4   298.8   320.5   352.4   421.5  1317.3  2863.1  4332.8  7980.1 127732.3   127770
read      252.9   189.8    63.8   106.7   117.7   202.1   263.6   306.2   342.5   390.1   448.8   536.8   786.0  2155.6  5275.5  97036.8    97194
read      224.6   117.0    63.8   103.8   115.8   216.7   257.1   277.3   291.6   307.8   327.3   357.7   436.9  1428.7  2987.1  30471.0    30527
read      293.3   257.1    63.8   110.8   123.7   211.4   269.8   315.8   365.9   454.7   583.6   776.4  1292.7  2140.8  6285.8 109817.3   109837
read      240.7   142.3    63.8   102.4   112.5   214.9   275.1   310.5   335.7   364.6   399.3   450.8   573.7  1634.3  3337.6  66533.8    66634
read      237.0   154.1    63.8   102.2   113.5   222.4   271.9   298.3   316.0   336.2   360.9   397.9   503.5  1692.8  5935.2  43089.7    43157
read      255.0   195.3    63.8   106.8   117.9   202.1   264.1   307.4   344.7   394.8   456.9   547.2   792.5  2287.7  5141.8  99751.5    99823
read      268.1   261.5    68.9   107.9   119.5   201.8   255.9   292.6   323.8   373.3   468.5   639.6  1261.5  2996.7  7294.4 108333.2   108232
read      205.6   109.3    54.7   104.0   114.0   201.9   233.9   250.4   262.0   274.6   292.2   318.0   383.3  1113.2  4812.0  39184.8    39166
read      201.5    76.4    63.8   102.7   112.1   198.7   233.7   251.2   263.4   276.3   293.9   319.3   372.4   490.5  1923.9  44542.0    44521
read      195.4   105.7    63.8   101.0   110.0   173.7   217.2   243.6   262.7   283.9   309.3   344.6   426.2   700.9  2152.7 105070.2   104945
read      201.4   112.0    59.1   102.4   111.7   178.2   224.4   251.8   270.6   291.5   316.7   354.9   445.6  1014.4  4319.7  97385.7    97301
read      208.1   133.4    63.8   103.2   112.5   189.3   237.8   261.6   276.7   293.8   315.2   346.4   451.9  1231.4  5400.4  72954.8    73173
read      235.2   129.9    63.8   102.6   113.8   221.4   267.3   293.1   311.5   332.6   359.0   399.0   530.7  1567.1  3093.5  40092.3    40131
read      332.8   365.6    68.9   147.2   167.2   265.8   312.0   340.2   362.6   390.2   429.6   528.5  1887.3  3743.7  7851.9 176341.0   176336
read      300.8   401.6    59.1   110.1   122.7   210.2   257.6   284.6   305.3   332.9   379.6  1009.6  2022.3  4033.9  7902.9 127416.8   127312
read      277.7   323.9    63.8   106.4   117.7   206.0   269.9   315.3   355.9   407.6   471.4   582.6  1368.8  4963.4  7727.0  97834.0    97810
read      237.1   140.1    63.8   101.3   111.6   219.8   271.1   300.5   321.0   345.2   373.9   417.8   546.8  1631.9  3878.2  50815.0    50882
read      261.7   241.3    63.8   102.0   112.5   218.8   289.5   331.0   359.4   390.4   428.1   488.3   870.7  3400.3  7392.3  72736.7    72895
read      271.2   276.4    63.8   106.5   118.0   207.1   273.9   324.5   367.4   415.3   470.2   565.2  1037.2  4373.9  7270.3  97628.2    97764
read      242.0   212.4    68.9   115.6   129.2   204.8   246.0   271.0   289.8   312.8   343.5   398.8  1391.2  2960.7  4095.2 162246.5   162367
read      227.8   159.1    63.8   103.2   114.8   215.8   254.2   275.4   291.4   309.8   333.3   370.7   486.2  2002.5  6029.2  31016.0    31031
read      546.9   625.4    74.4   152.9   176.4   284.2   342.7   423.0   820.9  1329.1  1487.7  1689.1  2986.3  4391.1  7976.3 177666.7   177679
read      555.8   663.5    74.4   153.0   176.6   283.8   342.0   416.6   766.9  1339.0  1516.7  1739.7  3304.4  4976.1  8085.4 121995.8   122047
read      473.3   590.7    68.9   140.7   158.9   252.5   304.9   356.1   460.9   903.0  1385.6  1613.3  2910.5  4592.5  8038.7 166899.3   167697
read      373.9   691.4    59.1   110.7   121.2   190.8   253.5   307.4   359.7   461.8   747.4  1332.3  2800.9  8020.2  9459.2   9634.0     9912
read      530.1   610.4    74.4   150.1   172.4   274.8   332.3   405.5   789.9  1311.4  1455.8  1643.2  2736.3  4794.3  7985.0  37028.3   136895

Total QPS = 85019.0 (68015192 / 800.0s)

Total connections = 64
Misses = 0 (0.0%)
Skipped TXs = 0 (0.0%)

RX 16799751930 bytes :   20.0 MB/s
TX          0 bytes :    0.0 MB/s
Warning! Detected max cpu usage > 95%
CPU Usage Stats (avg/min/max): 99.84%,35.18%,100.00%
