Random waveform, supplied seed
Total number of intervals = 170 (8195, 158594, 149766, 10382, 170548, 150565, 137144, 143496, 144743, 116745, 129314, 144723, 117379, 119931, 132052, 143350, 143518, 172981, 94027, 170019, 179090, 47130, 19439, 128963, 23787, 61848, 101968, 108767, 97139, 158594, 141240, 41405, 57997, 133577, 53832, 139832, 170515, 128494, 20789, 63647, 64802, 55719, 174179, 106356, 178750, 105831, 110667, 8803, 45662, 30867, 45656, 100938, 132360, 67591, 33910, 85729, 12884, 45621, 36938, 56902, 102243, 14085, 94103, 58175, 151312, 83333, 165153, 123975, 28449, 14903, 31189, 40636, 80574, 168820, 162621, 101621, 58592, 153042, 112238, 160265, 57109, 88551, 8385, 34088, 113600, 131842, 112066, 72585, 133669, 11820, 12639, 118548, 165754, 86823, 16898, 123124, 72278, 47757, 60510, 25237, 97783, 118966, 16631, 11743, 115026, 122371, 7198, 25022, 157513, 171975, 154918, 139185, 152724, 20845, 140348, 88725, 134088, 66126, 78214, 55191, 54081, 112478, 179666, 100584, 127920, 6594, 25020, 129587, 10277, 148458, 66114, 49261, 133049, 106628, 23498, 103564, 161774, 39037, 163622, 132405, 131596, 174543, 90567, 116582, 13888, 119224, 156471, 164013, 41909, 128280, 107066, 46119, 10227, 10870, 146664, 19865, 113409, 70623, 52633, 104630, 42594, 95196, 52243, 37031, 39878, 110750, 8231, 63638, 90167, 50555)
Average QPS expected = 91129
Timestamp start: 1747361859825
Timestamp end: 1747362710073

#type       avg     std     min      p5     p10     p50     p67     p75     p80     p85     p90     p95     p99    p999   p9999      QPS   target
read      170.5   356.0    59.1    97.5   108.9   158.6   175.5   185.2   193.0   201.8   215.0   237.3   313.1   976.5 20465.1   8161.8     8195
read      199.8   180.0    63.8   106.0   116.5   179.5   216.6   241.2   260.4   282.7   310.1   346.7   429.4   638.3  2097.9 158500.0   158594
read      195.9    92.9    59.1   103.3   113.2   175.5   213.3   238.8   259.1   282.0   309.2   345.4   425.1   599.5  2758.4 149725.8   149766
read      169.1    61.5    63.8    99.5   111.4   164.9   183.0   193.2   200.4   210.7   224.1   247.7   319.4   843.8  2078.5  10418.8    10382
read      205.8    89.8    59.1   111.5   123.1   187.6   223.6   246.4   263.9   284.8   311.7   351.4   444.5   727.8  2575.7 170453.4   170548
read      205.4   131.6    63.8   105.5   115.9   181.7   221.0   247.3   267.1   289.9   317.7   359.7   461.9  1871.8  4427.4 150531.4   150565
read      199.4    90.2    59.1   102.4   112.2   177.1   218.0   246.2   267.2   290.9   318.9   359.6   446.5   692.1  1400.7 136953.4   137144
read      201.4    94.7    63.8   104.3   114.5   179.9   219.7   247.1   267.5   290.9   318.6   359.7   444.6   694.7  1810.1 143716.8   143496
read      200.4    92.3    59.1   104.2   114.4   179.2   218.4   245.4   265.8   289.0   316.6   357.0   439.1   694.2  2271.8 144868.6   144743
read      197.7    92.0    59.1    98.7   107.9   174.5   219.1   250.0   271.6   294.7   320.9   359.6   441.4   627.0  1313.7 116709.4   116745
read      197.4    92.7    59.1   100.2   109.8   174.3   215.9   244.9   266.7   290.8   318.9   359.3   445.5   707.7  1954.4 129462.6   129314
read      199.5    88.8    63.8   103.6   113.6   178.5   217.5   244.4   264.9   288.1   316.0   356.2   440.5   709.5  2138.4 144797.8   144723
read      198.1    98.7    59.1    98.6   107.8   174.4   218.9   249.7   271.1   294.2   320.7   360.3   443.4   680.3  2160.1 117638.8   117379
read      200.8    93.6    63.8    99.7   109.4   177.0   221.4   252.0   273.6   297.6   326.5   367.3   458.4   768.7  1710.1 120287.0   119931
read      202.6   103.1    63.8   101.8   111.6   179.0   221.6   250.3   271.5   295.5   324.6   366.5   458.4  1014.9  2728.0 131949.2   132052
read      206.2   108.4    68.9   104.6   115.1   183.1   224.4   251.6   271.6   294.9   323.4   366.9   467.5  1210.1  2838.3 143012.4   143350
read      205.5   104.0    63.8   104.9   115.4   183.0   223.8   250.6   270.6   293.9   322.6   366.1   464.3  1076.1  2716.5 143540.0   143518
read      228.7   118.5    63.8   120.2   134.4   211.5   250.7   273.5   291.0   311.7   338.6   382.1   484.2  1041.4  4834.6 173051.8   172981
read      204.6    95.5    63.8    98.0   107.1   180.6   232.6   265.1   285.9   308.5   335.0   371.7   460.5   683.5  1766.3  93983.4    94027
read      221.9   103.7    63.8   117.3   130.7   204.3   243.4   266.9   284.1   304.6   331.1   372.2   469.6  1045.9  2731.8 170166.2   170019
read      236.9    97.7    68.9   125.9   141.2   221.8   261.5   284.6   301.5   321.5   348.4   392.3   487.4   862.6  2608.5 179185.2   179090
read      210.0    92.4    59.1   100.4   110.0   205.1   248.6   268.3   281.5   296.0   315.1   343.2   407.3   539.3  1175.6  47169.8    47130
read      194.2    62.4    59.1   103.2   115.6   194.2   216.8   229.3   237.7   249.4   264.0   286.7   339.5   464.6  1905.5  19481.2    19439
read      207.6   120.0    63.8   101.4   111.3   181.6   225.7   254.7   275.5   299.7   329.2   371.8   496.1  1493.9  2550.2 128562.4   128963
read      200.7    74.0    59.1   102.1   113.4   199.8   226.8   241.0   251.5   264.2   279.9   307.5   373.1   547.0  1352.9  23788.2    23787
read      210.5    94.5    63.8    99.5   108.9   196.8   250.3   274.2   289.7   306.8   327.3   359.0   433.7   619.5  2395.6  61701.6    61848
read      204.8    98.0    63.8    98.6   108.0   179.7   229.5   262.6   284.3   307.9   335.8   374.2   472.8   702.1  1617.0 101997.6   101968
read      204.0   112.3    59.1    99.0   108.5   178.9   226.6   258.8   280.9   305.0   333.1   372.6   470.2   807.8  1344.9 108889.2   108767
read      206.5   105.8    59.1    98.6   107.7   180.8   233.6   266.5   288.0   311.1   338.2   376.2   469.5   738.0  2980.9  97173.4    97139
read      218.7   119.0    63.8   112.5   125.0   196.5   236.7   262.3   280.9   303.3   332.4   378.1   508.0  1380.6  2709.6 158743.2   158594
read      205.6   107.3    63.8   104.1   114.5   182.4   223.9   251.5   271.8   295.5   324.7   368.3   470.6   943.3  3035.5 141499.2   141240
read      204.9   116.8    54.7   100.4   110.4   200.3   232.7   248.8   260.2   273.0   291.3   321.1   427.0  1494.6  4817.0  41499.2    41405
read      203.8    82.6    63.8    99.0   108.5   196.0   239.0   259.6   273.0   289.0   308.8   339.4   417.8   554.3  1281.8  58071.2    57997
read      198.8   115.0    63.8   100.9   110.4   174.6   215.7   244.1   265.5   289.2   317.3   358.3   458.8   936.6  3535.5 133667.8   133577
read      216.9   202.0    59.1    98.3   108.0   199.7   245.2   267.7   283.2   301.3   324.8   363.8   470.5  2354.5 10706.7  54044.0    53832
read      261.8   393.9    63.8   103.3   114.4   195.2   241.8   267.3   285.6   308.2   339.2   403.0  2355.5  4705.4  8163.3 139916.4   139832
read      211.3   137.0    63.8   110.4   121.9   189.7   227.1   250.5   268.1   289.0   315.5   357.5   465.6  1708.2  4962.4 170142.0   170515
read      198.0   101.0    54.7    98.7   108.0   172.7   215.7   245.0   267.0   291.4   319.7   361.9   471.4  1038.1  2002.9 128303.0   128494
read      202.9    86.8    59.1    98.4   110.3   195.8   231.1   249.6   262.6   276.8   295.3   324.0   397.9   820.3  2301.4  20762.0    20789
read      233.3   155.4    59.1    95.3   103.8   207.8   271.3   306.0   329.4   354.8   385.8   432.4   546.7  1995.8  3856.1  63715.2    63647
read      229.9   130.0    63.8    95.0   103.5   207.1   270.4   305.0   327.8   352.2   381.3   426.2   529.4  1258.3  2501.9  64764.4    64802
read      229.2   152.4    63.8    95.6   104.4   209.1   268.0   299.0   319.2   341.6   368.9   410.9   517.2  1291.6  6731.0  55715.6    55719
read      279.4   301.7    63.8   121.8   137.8   230.2   271.5   294.9   312.9   335.0   366.5   434.4  1517.2  3462.2  7606.7 173782.8   174179
read      196.3    88.3    59.1    97.0   105.8   173.8   221.0   252.0   272.1   293.3   317.7   352.8   437.1   622.3   939.3 106135.2   106356
read      217.0   117.0    63.8   117.2   130.2   198.9   234.7   257.0   273.4   293.4   318.9   360.6   462.7  1268.6  4292.6 178574.4   178750
read      199.3   103.0    59.1    97.6   106.5   175.1   222.7   254.1   275.1   297.6   323.4   361.3   446.3   798.4  2997.5 105682.8   105831
read      199.2   105.7    59.1    97.6   106.6   174.3   220.0   252.4   274.2   297.8   325.0   364.0   460.1   833.8  1864.2 110664.8   110667
read      171.0   104.9    63.8    98.9   110.7   165.2   182.8   192.4   199.4   209.0   221.9   245.2   318.9  1271.7  4258.9   8850.0     8803
read      199.9    82.8    63.8   100.5   110.5   199.1   231.1   246.5   257.0   269.5   286.2   313.2   385.7   629.7  2280.4  45585.0    45662
read      204.6   147.4    59.1   101.3   112.4   197.5   226.0   241.6   253.4   268.4   288.3   319.3   398.9  1670.3  6595.6  30878.8    30867
read      232.0   216.1    59.1    97.2   107.0   214.0   267.6   295.3   314.0   334.9   360.0   398.6   497.3  1650.2 11433.0  45695.8    45656
read      256.7   251.3    63.8    99.2   109.3   194.2   269.8   324.2   364.1   406.5   455.7   530.4   855.9  3389.8  7213.1 100838.2   100938
read      252.1   278.2    63.8   102.5   113.2   191.1   237.9   266.7   287.6   312.8   348.2   465.7  1481.6  3232.0  6854.5 132423.8   132360
read      229.8   134.6    59.1    96.5   105.3   203.6   266.7   298.9   322.0   349.1   383.5   435.1   547.7  1489.2  3020.2  67813.6    67591
read      220.9   145.9    59.1    98.6   109.5   209.0   256.8   278.5   293.2   310.1   330.5   362.1   447.8  1068.7  6228.4  33889.6    33910
read      244.7   191.7    59.1    96.5   105.5   198.2   274.8   320.3   352.4   387.7   429.3   488.0   645.6  2534.8  5313.8  85679.8    85729
read      185.1    93.0    59.1    97.1   109.9   180.7   202.7   216.2   226.3   237.5   253.1   278.7   353.3   856.1  3400.3  12898.0    12884
read      231.9   132.0    59.1    97.4   107.3   215.6   270.4   298.4   316.8   337.5   363.1   403.2   520.0  1421.7  3062.5  45588.6    45621
read      222.0   108.6    59.1    97.1   107.7   211.1   260.6   284.2   299.9   317.1   338.6   370.6   457.0  1197.0  2313.1  36950.0    36938
read      234.8   140.3    59.1    96.0   104.9   212.8   274.2   306.8   328.6   352.6   382.3   428.0   545.0  1595.9  3148.9  57042.6    56902
read      255.6   223.0    59.1   100.0   110.1   195.0   272.8   331.3   373.0   416.2   463.6   532.6   753.6  2907.5  7578.5 102079.4   102243
read      190.0    84.0    59.1    97.7   110.9   186.0   209.7   223.7   233.5   246.0   261.9   288.5   369.7   929.4  2374.4  14120.8    14085
read      242.8   191.2    63.8    97.4   106.8   193.0   269.4   318.8   353.8   391.1   433.9   494.3   631.2  2660.8  4986.4  94270.4    94103
read      236.8   142.5    54.7    96.6   105.8   214.8   276.8   309.6   331.7   356.4   386.2   431.2   547.5  1736.4  3079.6  58037.0    58175
read      269.9   365.6    63.8   108.8   121.2   207.3   254.3   278.9   296.6   318.8   350.7   422.2  1917.5  4129.5  7862.7 151204.8   151312
read      228.8   157.0    59.1    96.2   105.0   192.4   259.9   296.6   323.3   354.4   394.1   453.1   578.8  1654.6  5194.8  83271.0    83333
read      269.7   292.2    59.1   115.1   129.6   220.3   265.6   290.1   308.3   330.3   361.4   425.4  1529.8  3428.1  7570.3 164961.2   165153
read      201.4   124.4    59.1    98.3   107.7   174.2   217.8   247.9   269.6   293.9   321.8   363.8   483.5  1548.1  3403.8 123734.8   123975
read      212.0    94.4    59.1    99.7   111.3   204.4   243.7   263.6   276.5   292.1   311.6   340.3   411.2  1014.8  1974.6  28364.4    28449
read      193.4    72.0    59.1   101.5   114.6   190.2   214.6   228.8   238.7   251.1   266.6   290.7   358.1   859.2  1817.9  14869.0    14903
read      217.0   102.1    59.1    98.6   109.9   207.5   252.6   273.4   287.8   303.7   322.6   353.3   433.4  1140.7  3036.4  31271.4    31189
read      226.7   179.2    63.8    97.3   107.4   211.1   263.2   288.7   305.7   324.0   346.1   381.5   481.9  1446.6 10801.6  40623.4    40636
read      238.6   170.0    59.1    95.6   104.2   200.0   275.1   317.0   345.9   377.4   416.8   467.5   592.1  2069.6  5846.2  80306.0    80574
read      275.8   306.3    68.9   117.5   132.8   225.3   269.2   293.8   312.4   335.3   367.8   434.9  1555.1  3456.6  7761.2 168666.2   168820
read      204.0    96.6    63.8   108.2   119.1   184.8   221.8   245.4   263.6   285.0   312.4   353.1   446.2   885.8  2520.0 162792.2   162621
read      228.6   154.1    59.1    97.8   107.1   184.8   249.4   291.7   322.5   360.0   407.5   474.3   620.5  1749.0  4055.1 101645.2   101621
read      234.1   125.0    59.1    96.0   105.0   214.4   275.7   309.1   331.2   355.5   385.5   430.2   529.8  1227.5  2795.2  58476.4    58592
read      278.8   365.1    63.8   110.2   123.1   213.2   258.9   283.8   302.3   325.7   360.0   443.5  1827.6  3596.6  7906.3 152897.0   153042
read      199.7   134.7    63.8    97.4   106.3   173.9   220.3   251.7   273.5   297.1   324.1   362.9   455.5   869.0  6247.2 112094.4   112238
read      204.9   110.0    63.8   106.9   117.7   183.6   221.4   246.3   265.2   287.4   315.2   357.5   460.3  1079.7  3438.8 160461.6   160265
read      227.5   123.3    59.1    96.3   105.3   209.7   266.3   295.9   316.8   340.9   369.8   415.9   503.4  1130.8  2902.3  57062.2    57109
read      241.7   184.5    59.1    96.2   105.1   195.7   273.7   320.6   352.7   387.4   427.7   485.7   625.8  2284.2  5843.9  88385.4    88551
read      172.6    62.0    63.8    95.7   107.7   169.6   189.0   199.5   207.7   217.4   231.4   254.3   327.7   859.4  1414.1   8493.4     8385
read      217.5   129.3    59.1    98.6   109.7   205.1   247.0   269.9   285.6   303.2   324.1   357.3   452.4  1797.9  4201.5  34024.0    34088
read      214.6   139.4    63.8    98.5   108.0   179.1   229.9   264.7   289.2   317.2   354.1   425.1   626.5  1511.3  3494.3 113392.2   113600
read      201.3   124.2    59.1    99.5   109.1   175.0   217.7   246.4   267.9   292.1   320.8   364.0   486.8  1452.7  2889.9 131682.8   131842
read      201.2   169.0    59.1    97.5   106.5   174.1   220.9   252.6   274.3   297.9   325.5   365.9   474.2  1024.4  3871.8 111849.0   112066
read      240.3   176.8    59.1    96.1   104.8   205.6   276.3   314.5   341.3   370.5   406.0   458.3   588.5  2454.8  4149.2  72852.8    72585
read      306.7   403.3    63.8   106.7   119.4   212.4   261.1   288.8   310.6   339.2   390.7  1223.2  2007.3  3690.4  7820.7 133635.2   133669
read      181.7    87.7    59.1    97.5   109.8   177.7   198.2   210.4   219.1   230.5   245.3   270.0   346.5   977.9  2529.9  11777.0    11820
read      183.8   111.1    63.8    97.7   110.0   178.9   200.0   213.0   222.5   233.4   249.0   272.8   354.0  1160.5  5471.3  12663.6    12639
read      236.0   249.2    59.1   100.0   110.2   184.0   234.0   268.6   294.6   327.5   378.8   511.8  1017.2  3073.5  6333.5 118402.0   118548
read      208.2    99.2    63.8   110.6   122.0   189.0   226.4   250.1   268.1   289.4   316.3   358.5   457.7   946.5  2212.1 165759.0   165754
read      230.0   170.4    54.7    96.7   105.6   191.1   259.1   297.3   325.3   358.2   400.4   462.5   580.9  1911.2  6541.1  86761.8    86823
read      192.1    72.4    59.1    98.2   110.2   189.4   215.5   229.9   240.2   252.3   268.2   292.7   357.5   837.3  2164.7  17014.6    16898
read      251.7   267.2    59.1   102.0   112.5   188.4   235.9   269.0   294.2   326.9   382.6   607.3  1357.4  3013.2  7209.4 122988.8   123124
read      240.1   193.0    59.1    96.2   105.0   203.0   271.5   308.1   334.1   363.9   400.9   456.2   628.2  2699.9  4561.3  72153.2    72278
read      232.7   138.8    59.1    97.1   106.8   214.5   270.9   300.2   319.0   340.2   365.8   404.9   535.5  1535.9  3366.8  47886.2    47757
read      239.2   199.5    59.1    96.5   105.5   214.3   277.7   311.7   334.9   360.6   392.1   438.4   565.2  1810.1  4023.5  60553.2    60510
read      209.7   185.8    59.1    98.5   109.9   200.2   238.2   257.7   270.5   285.3   303.4   331.4   404.2   907.9 10946.8  25233.0    25237
read      249.4   178.1    59.1    98.7   108.6   194.2   274.1   331.5   370.3   410.3   455.9   520.3   686.8  2094.3  3601.7  98108.6    97783
read      218.8   169.7    59.1    99.2   109.0   179.6   227.1   259.8   283.5   310.9   345.5   421.1   796.1  2270.3  4056.6 118987.6   118966
read      190.4    85.1    59.1    98.2   110.4   186.1   211.3   225.9   235.9   249.2   265.9   292.5   370.3   866.0  2071.5  16724.4    16631
read      187.9   202.0    59.1    97.1   108.9   177.5   199.4   212.3   222.0   233.8   250.6   276.1   371.5  2609.2  7885.6  11777.2    11743
read      230.3   166.4    59.1   100.2   110.2   183.4   235.8   273.6   302.4   339.6   400.6   513.3   766.0  1898.7  3623.6 115261.0   115026
read      201.4   117.9    63.8    98.7   108.0   174.3   218.7   249.4   271.6   296.1   325.0   367.1   489.0  1335.1  2753.2 122367.4   122371
read      166.4    95.7    63.8    94.8   105.6   160.9   179.6   189.4   197.3   206.8   219.6   245.2   321.0   984.0  2362.7   7185.0     7198
read      208.8   120.6    59.1    98.6   110.0   199.7   237.5   257.2   269.7   284.1   301.5   330.5   408.2  1664.2  3927.8  24953.6    25022
read      342.0   405.9    54.7   124.6   142.9   255.8   298.2   323.6   344.6   373.9   431.9  1277.6  1710.9  3943.8  8764.0 157314.0   157513
read      219.2   118.3    63.8   114.7   128.0   199.2   237.3   261.1   277.9   298.2   325.2   368.4   482.6  1546.4  3507.6 171845.8   171975
read      201.5    95.3    63.8   105.8   116.3   181.2   218.6   243.7   262.8   285.3   313.6   354.8   447.5   851.7  2467.8 154808.2   154918
read      200.0   116.2    63.8   101.4   111.1   175.8   215.7   243.0   264.1   287.8   316.2   358.0   459.7  1336.7  3366.6 139378.2   139185
read      202.2   108.4    63.8   105.0   115.5   180.4   218.1   243.4   262.8   285.4   313.3   354.0   447.7  1366.0  3150.8 152401.2   152724
read      219.2   644.5    59.1    99.3   111.2   192.6   221.4   237.4   249.9   264.2   282.0   311.6   407.4  8236.8 26864.3  20740.0    20845
read      264.3   353.7    63.8   105.2   116.7   199.1   247.3   273.2   292.2   315.4   347.3   427.9  1706.7  4007.6  7852.1 140566.0   140348
read      232.0   169.5    59.1    97.4   106.7   191.1   259.4   299.5   329.4   364.2   407.3   467.4   588.5  1811.9  6237.3  88806.2    88725
read      277.2   322.4    59.1   104.5   116.1   201.9   249.8   275.7   296.1   321.6   363.9   855.0  1591.7  3296.3  7401.2 134254.4   134088
read      228.4   147.9    59.1    96.7   105.6   203.6   265.1   296.1   318.3   344.6   378.1   429.9   536.6  1427.1  3224.1  66203.0    66126
read      238.2   146.4    63.8    96.4   105.3   203.0   276.9   319.1   348.4   379.6   417.4   466.9   576.2  1536.8  2940.0  78085.6    78214
read      235.0   135.3    59.1    96.5   105.7   215.0   275.2   307.3   328.5   351.4   379.2   423.1   539.2  1509.1  3435.4  55135.8    55191
read      233.9   139.3    63.8    96.3   105.4   214.3   273.3   304.7   325.5   347.9   374.8   419.6   522.4  1729.0  2940.4  53921.6    54081
read      222.1   152.9    59.1    99.6   109.5   181.9   234.2   270.4   296.5   328.1   372.7   463.1   665.5  1739.2  3874.3 112495.8   112478
read      221.9   101.1    63.8   119.5   133.2   206.2   242.8   264.8   280.8   300.1   325.6   366.6   463.2   992.2  2764.3 179958.2   179666
read      229.8   206.1    59.1    98.3   107.7   184.9   246.6   286.8   316.4   353.8   404.1   478.2   625.9  1872.4 11141.7 100436.6   100584
read      235.7   229.5    59.1   101.5   111.6   185.4   232.4   262.1   283.4   308.4   341.3   410.4  1417.7  2508.1  3938.6 128043.4   127920
read      161.4    71.3    63.8    92.2   102.1   155.5   174.3   185.2   193.6   202.7   216.8   239.9   314.7   867.2  1707.5   6599.0     6594
read      207.5   102.7    59.1    98.1   109.9   200.3   237.1   256.1   268.8   283.5   301.2   328.9   403.1   976.7  3326.0  25117.4    25020
read      301.9   402.6    59.1   105.3   117.4   207.7   256.9   284.6   305.7   333.4   381.6  1205.7  2047.1  3732.4  7952.7 129665.2   129587
read      179.4   270.5    63.8    96.0   108.5   171.9   192.9   204.0   213.1   223.5   236.6   262.7   333.3   861.6 17464.5  10329.8    10277
read      306.1   405.2    63.8   112.1   126.5   226.0   270.2   294.0   312.7   337.0   377.2   798.2  2294.4  3933.8  7946.3 148420.0   148458
read      204.8   112.0    59.1    97.6   106.7   191.2   238.9   262.0   276.3   293.0   314.1   345.5   434.1  1031.6  4460.5  66046.6    66114
read      202.5    83.6    59.1    99.1   108.8   197.2   236.1   255.5   268.3   283.1   301.6   331.9   402.3   560.6  2432.5  49225.0    49261
read      196.0   106.9    59.1    98.2   107.5   171.0   212.4   240.7   262.8   287.2   315.4   355.9   461.3  1120.1  2812.6 133125.8   133049
read      198.2   110.1    59.1    95.8   104.3   172.2   221.1   253.4   274.4   296.9   322.6   361.9   465.0   819.8  3464.2 106663.8   106628
read      203.4   170.2    63.8   106.0   119.1   201.0   225.8   238.5   248.7   260.4   274.5   299.6   360.5   528.4 10639.4  23637.0    23498
read      208.7   136.1    54.7    97.8   106.9   179.1   229.8   262.4   283.7   307.4   336.9   388.5   549.5  1470.8  4679.2 103156.2   103564
read      288.0   364.6    63.8   116.3   131.9   228.7   276.7   303.2   321.9   345.5   377.9   441.7  2419.6  3625.6  7894.8 161939.6   161774
read      233.9   156.1    59.1    97.5   107.9   216.5   267.7   293.2   310.8   330.8   356.5   398.3   555.8  2205.6  3919.7  39109.6    39037
read      304.9   387.8    68.9   120.7   137.7   240.9   286.8   311.8   330.3   352.9   386.1   468.0  2083.2  4350.6  7923.1 163697.2   163622
read      213.0   248.1    59.1   100.6   110.6   179.2   222.5   251.6   272.8   297.2   327.9   374.0   627.8  2846.2  7716.1 132454.2   132405
read      202.3   139.0    63.8   100.2   109.8   175.4   217.2   246.2   268.0   292.7   321.5   364.9   483.5  1402.6  5178.7 131713.8   131596
read      217.3   122.6    59.1   114.9   128.1   198.3   235.0   258.2   274.9   295.4   321.6   364.4   468.2  1462.2  3976.0 174726.6   174543
read      230.6   138.7    63.8    97.0   106.2   191.0   261.6   303.1   333.6   368.1   410.1   467.3   579.5  1488.5  2741.8  90527.0    90567
read      251.4   246.7    59.1   101.7   112.2   189.6   246.7   287.8   320.9   369.1   448.4   567.1  1077.7  2690.9  7615.7 116199.4   116582
read      198.2    83.4    59.1    98.2   111.7   194.0   220.5   236.0   248.0   261.2   276.9   303.8   370.7   868.9  2574.8  13912.2    13888
read      305.9   432.1    63.8   104.4   117.0   207.1   257.4   286.5   308.9   339.0   398.3   830.6  2491.9  3610.2  8018.0 119142.4   119224
read      281.1   397.2    59.1   112.8   127.3   220.1   270.1   296.6   315.5   338.0   367.8   422.3  2974.2  3762.4  8114.6 156349.8   156471
read      202.4    86.8    59.1   109.2   119.8   183.9   219.8   243.6   261.9   283.5   310.9   350.3   436.7   706.2  1711.0 163630.4   164013
read      201.1    84.0    59.1   101.0   111.1   201.0   231.6   246.7   256.9   269.3   286.1   315.3   403.7   593.7  2320.4  42059.0    41909
read      206.0   116.2    54.7   101.1   110.7   179.0   224.9   256.4   278.4   302.9   332.5   380.9   531.5   822.0  2440.4 128188.8   128280
read      201.1    93.7    59.1    97.3   106.4   178.0   228.0   258.4   277.5   297.5   321.1   361.2   481.9   762.7  1408.9 107089.0   107066
read      204.6   108.7    54.7   100.4   110.4   201.9   235.1   251.0   262.4   274.7   294.4   331.5   443.7   682.5  2906.0  46171.2    46119
read      170.7    85.5    54.7    97.7   110.5   164.4   184.2   195.3   202.8   213.2   226.7   249.9   329.2   854.9  3759.3  10229.2    10227
read      181.9   123.7    59.1    98.6   111.6   168.5   188.4   200.3   210.2   222.3   241.1   279.8   467.1  1763.8  3989.5  10899.2    10870
read      198.4   130.8    59.1   103.2   113.1   176.4   215.0   241.4   262.2   285.8   313.6   352.4   440.8   727.5  2522.3 146521.6   146664
read      182.7    69.8    59.1   100.6   112.7   181.5   201.6   213.2   221.3   231.5   246.1   270.9   342.4   512.7  1425.9  19852.4    19865
read      197.5    91.0    54.7    98.1   107.3   174.9   221.6   252.3   272.4   293.4   317.5   353.0   440.8   640.3  2188.3 113409.8   113409
read      203.4    89.9    59.1    98.5   107.9   192.2   239.9   261.0   273.9   289.3   308.6   339.8   433.7   646.6  2049.9  70720.0    70623
read      199.9    77.1    59.1    99.5   109.2   198.5   234.7   251.2   262.5   274.2   291.3   318.1   389.6   535.5  1423.3  52653.0    52633
read      197.0    96.9    54.7    96.9   105.7   175.3   224.4   254.6   273.3   292.9   315.6   347.4   425.6   604.7  2657.7 104562.0   104630
read      198.5    72.0    59.1   100.6   110.7   199.3   229.2   243.9   254.0   266.8   282.7   310.8   392.9   548.4   807.1  42520.4    42594
read      198.7    93.0    59.1    97.1   106.0   179.3   230.0   258.2   274.8   292.9   314.6   345.6   428.8   621.1  1340.1  94982.6    95196
read      201.6    88.3    59.1    99.7   109.5   199.4   235.1   252.1   263.8   276.1   294.2   322.9   398.3   600.7  2484.7  52242.8    52243
read      198.5   209.7    59.1   101.4   111.5   197.9   225.4   238.9   249.1   261.0   275.1   302.8   376.3   530.8  2962.9  37076.6    37031
read      198.2    81.5    59.1   101.0   111.2   199.2   228.4   242.6   252.3   264.6   279.3   305.4   374.6   538.1  2247.2  39844.6    39878
read      196.3   106.0    59.1    97.1   106.0   173.6   220.8   251.6   271.4   291.7   314.7   346.5   429.1   630.0  3214.2 110601.2   110750
read      162.7    54.8    59.1    97.0   108.3   157.8   176.3   186.1   194.0   202.4   215.8   238.2   300.4   841.3   933.8   8276.2     8231
read      199.9    81.0    59.1    98.4   107.9   193.7   236.9   256.3   268.2   281.7   297.8   325.1   394.3   548.3  1265.2  63401.8    63638
read      198.4    92.8    59.1    96.8   105.7   180.5   231.5   258.8   274.5   291.3   311.3   340.9   411.8   584.4  2350.2  90070.4    90167
read      199.6    74.1    59.1    99.7   109.6   199.1   234.4   250.7   261.8   273.5   290.2   316.3   380.6   522.0   963.9  50576.2    50555

Total QPS = 91114.7 (77447528 / 850.0s)

Total connections = 64
Misses = 0 (0.0%)
Skipped TXs = 0 (0.0%)

RX 19129538675 bytes :   21.5 MB/s
TX          0 bytes :    0.0 MB/s
Warning! Detected max cpu usage > 95%
CPU Usage Stats (avg/min/max): 99.86%,40.20%,100.00%