Random waveform, supplied seed
Total number of intervals = 170 (8195, 158594, 149766, 10382, 170548, 150565, 137144, 143496, 144743, 116745, 129314, 144723, 117379, 119931, 132052, 143350, 143518, 172981, 94027, 170019, 179090, 47130, 19439, 128963, 23787, 61848, 101968, 108767, 97139, 158594, 141240, 41405, 57997, 133577, 53832, 139832, 170515, 128494, 20789, 63647, 64802, 55719, 174179, 106356, 178750, 105831, 110667, 8803, 45662, 30867, 45656, 100938, 132360, 67591, 33910, 85729, 12884, 45621, 36938, 56902, 102243, 14085, 94103, 58175, 151312, 83333, 165153, 123975, 28449, 14903, 31189, 40636, 80574, 168820, 162621, 101621, 58592, 153042, 112238, 160265, 57109, 88551, 8385, 34088, 113600, 131842, 112066, 72585, 133669, 11820, 12639, 118548, 165754, 86823, 16898, 123124, 72278, 47757, 60510, 25237, 97783, 118966, 16631, 11743, 115026, 122371, 7198, 25022, 157513, 171975, 154918, 139185, 152724, 20845, 140348, 88725, 134088, 66126, 78214, 55191, 54081, 112478, 179666, 100584, 127920, 6594, 25020, 129587, 10277, 148458, 66114, 49261, 133049, 106628, 23498, 103564, 161774, 39037, 163622, 132405, 131596, 174543, 90567, 116582, 13888, 119224, 156471, 164013, 41909, 128280, 107066, 46119, 10227, 10870, 146664, 19865, 113409, 70623, 52633, 104630, 42594, 95196, 52243, 37031, 39878, 110750, 8231, 63638, 90167, 50555)
Average QPS expected = 91129
Timestamp start: 1747363447669
Timestamp end: 1747364297915

#type       avg     std     min      p5     p10     p50     p67     p75     p80     p85     p90     p95     p99    p999   p9999      QPS   target
read      168.8    62.6    63.8    99.7   111.4   162.3   181.5   192.4   200.2   211.4   226.0   250.6   319.6   848.6  1957.7   8097.8     8195
read      205.5   133.8    54.7   107.8   118.4   184.0   222.9   249.0   269.0   292.0   320.2   362.7   460.4   728.6  2521.6 158240.6   158594
read      200.4    86.2    59.1   104.5   114.7   179.3   218.4   245.5   266.4   289.9   317.7   358.3   444.9   639.3  1533.6 149732.0   149766
read      172.0    68.6    59.1    97.3   110.8   165.7   185.2   196.5   204.7   215.9   231.5   260.8   350.4   847.5  1943.8  10466.2    10382
read      217.2   128.7    54.7   114.3   127.0   196.5   234.6   259.7   277.7   299.6   328.2   371.6   489.0  1000.7  5226.1 170169.4   170548
read      205.0    91.9    54.7   106.0   116.5   183.3   223.5   250.3   270.8   294.2   322.7   365.7   465.2   778.3  2167.4 150359.8   150565
read      202.4   153.2    59.1   102.5   112.3   178.7   220.8   249.4   270.8   295.0   323.5   365.3   461.1   725.9  2518.6 137426.4   137144
read      203.3    95.3    59.1   103.9   114.1   180.5   221.4   249.4   270.6   294.6   323.7   367.1   469.8   760.9  1486.0 143406.2   143496
read      202.3    90.6    59.1   104.2   114.3   180.3   220.8   248.3   269.3   293.2   321.6   364.4   457.6   665.1  1971.2 144514.6   144743
read      201.1    95.8    59.1    98.8   108.1   176.7   223.8   254.7   276.3   300.1   328.1   368.5   463.6   695.5  1415.1 116704.2   116745
read      202.9   148.3    59.1   101.0   110.5   177.7   221.8   251.6   273.7   297.7   326.6   368.2   468.3   740.0  6359.2 129278.4   129314
read      208.7   105.3    59.1   104.9   115.5   183.9   226.3   254.9   276.4   301.4   333.0   380.9   514.7   804.9  2424.2 144636.0   144723
read      205.2   100.6    59.1    99.6   109.1   178.8   226.8   259.1   281.3   305.7   335.2   380.6   515.6   755.4  1877.4 117339.8   117379
read      208.2   102.8    59.1   100.5   110.2   180.8   228.9   261.1   283.8   309.3   340.7   391.8   535.4   783.0  1635.7 119963.0   119931
read      211.4   113.7    63.8   103.8   114.1   184.9   230.2   261.1   283.6   309.2   340.5   388.8   516.8  1066.6  2716.5 131803.0   132052
read      212.5   119.0    59.1   106.7   117.5   188.1   230.8   259.6   280.6   305.1   335.9   383.0   506.6   987.9  2442.8 143539.4   143350
read      212.7   110.0    63.8   107.2   118.1   188.9   231.2   259.6   280.3   304.5   334.6   380.3   504.0  1091.4  2567.8 143556.8   143518
read      238.0   113.7    63.8   125.7   140.8   220.9   260.8   283.8   300.8   321.1   349.2   396.3   520.2  1113.8  3193.3 172768.0   172981
read      211.9   112.4    59.1    99.2   108.5   185.0   240.3   274.0   295.5   319.1   347.2   391.8   509.7   768.8  2527.0  94242.4    94027
read      237.1   120.1    59.1   122.5   137.6   217.0   258.2   282.3   300.1   321.6   351.4   401.0   548.6  1414.5  3157.0 169697.6   170019
read      240.0   121.1    63.8   129.4   144.9   225.8   264.4   286.5   302.5   321.1   346.4   388.6   485.4   889.9  3124.3 179114.6   179090
read      215.7    93.0    63.8   101.3   111.2   211.1   254.6   274.9   288.9   304.8   324.5   358.3   436.8   583.5  1259.4  47016.8    47130
read      203.4   103.0    63.8   103.6   116.4   202.8   227.8   241.4   251.8   264.5   280.2   308.0   375.5   596.5  2103.6  19542.0    19439
read      206.1   105.6    59.1   102.1   112.1   181.3   225.4   255.4   277.7   303.1   333.3   376.1   477.8   944.4  2493.9 129134.6   128963
read      208.1   128.9    63.8   104.0   116.3   207.9   234.0   248.8   259.4   271.5   287.9   313.4   373.9   760.2  8184.0  23724.4    23787
read      213.5    93.9    59.1    99.7   109.2   201.3   253.1   278.6   294.2   311.9   333.8   367.7   452.5   657.0  1658.7  61782.0    61848
read      208.0   138.6    59.1    98.6   107.8   181.4   232.6   266.1   288.9   313.6   342.5   384.5   484.8   743.2  3465.7 101998.6   101968
read      205.6    98.5    59.1    99.3   108.7   180.4   228.7   261.5   284.3   309.1   338.1   379.0   473.5   854.0  1505.4 108762.6   108767
read      209.0   113.4    59.1    98.4   107.6   182.7   235.1   268.8   291.3   315.6   344.5   389.0   495.7   777.1  1780.3  97117.8    97139
read      216.7   114.5    63.8   112.7   125.0   196.3   235.6   261.5   280.1   302.2   330.5   372.7   474.2  1232.2  3239.4 158554.0   158594
read      208.5   112.9    59.1   105.1   115.6   184.5   226.3   254.2   275.0   299.3   329.3   372.0   474.3  1385.4  3043.9 141191.2   141240
read      211.6   102.8    54.7   100.9   111.1   209.0   245.6   264.4   276.8   292.0   311.2   340.2   404.9   734.7  3181.9  41261.0    41405
read      209.8   122.0    59.1    98.8   108.5   201.5   244.9   265.7   279.2   294.8   315.3   346.1   436.3  1084.1  5255.2  58006.2    57997
read      197.0    90.6    59.1   100.2   109.7   173.7   216.1   244.4   266.4   291.0   319.2   359.2   439.9   690.4  1667.3 133768.8   133577
read      207.4    93.4    54.7    97.8   107.5   201.9   243.1   265.1   279.9   296.3   317.4   348.0   411.1   507.8  1817.8  53903.0    53832
read      247.8   369.6    59.1   104.5   115.3   191.9   237.9   264.8   283.1   304.4   332.4   378.4  2893.1  3484.6  8018.6 139969.2   139832
read      228.6   227.2    59.1   111.8   124.1   197.8   238.1   262.9   280.2   300.8   327.7   371.5   533.5  3398.9  7134.7 170700.6   170515
read      199.8   112.3    59.1    98.7   108.1   173.4   217.1   246.5   269.0   293.3   321.9   363.5   468.7  1325.0  2724.6 128598.2   128494
read      205.8    90.4    59.1    98.4   111.3   200.5   233.4   252.2   265.6   280.7   299.4   330.2   398.2   869.8  2538.6  20865.2    20789
read      237.7   206.8    63.8    95.1   103.6   213.4   276.1   310.5   333.8   359.3   389.8   435.6   544.5  2191.2 10563.8  63663.6    63647
read      238.9   153.0    59.1    95.3   103.9   213.6   278.7   313.8   337.3   363.4   395.0   444.6   576.9  1902.6  3827.4  64770.6    64802
read      233.1   125.3    63.8    95.6   104.4   215.2   275.9   307.8   328.9   351.8   379.4   421.2   516.7  1202.8  2440.2  55864.0    55719
read      272.3   304.6    59.1   121.0   136.5   228.9   272.8   296.0   313.3   334.1   363.2   420.1  1494.8  3482.0  7681.9 174247.0   174179
read      200.4   105.1    59.1    96.3   104.9   173.9   224.1   256.5   278.7   302.6   330.5   369.8   465.8   754.4  2535.3 106529.0   106356
read      215.8   112.8    63.8   117.0   130.2   199.5   235.1   257.7   274.0   294.1   319.6   361.0   452.2   713.2  3331.0 178650.0   178750
read      205.0   144.3    54.7    97.0   105.8   177.1   228.1   258.8   279.3   301.3   328.0   368.6   489.5  1687.9  6029.4 105646.8   105831
read      202.3   108.6    59.1    98.5   107.6   176.9   224.7   255.6   277.7   301.8   330.1   369.8   463.0   874.8  2757.3 110548.0   110667
read      169.7    64.3    63.8    97.6   110.2   165.1   184.9   195.9   203.4   213.8   226.6   248.4   311.9   844.1  2127.6   8885.6     8803
read      205.7   111.1    59.1    99.1   109.1   202.7   237.3   255.7   268.3   282.7   300.4   330.7   406.0   922.0  4489.8  45690.8    45662
read      197.2    83.9    54.7   101.2   112.5   197.4   224.4   238.0   248.7   260.9   275.2   301.1   366.3   531.6  1951.9  31006.2    30867
read      212.4   112.7    54.7    99.7   110.0   205.8   242.0   261.3   274.5   291.4   314.3   353.1   455.2  1408.8  3079.5  45678.6    45656
read      260.5   209.0    59.1   100.5   111.0   200.0   276.8   334.1   377.1   422.1   472.0   547.7   842.1  2489.1  3781.7 100991.4   100938
read      262.5   347.6    59.1   102.9   113.8   194.6   242.5   270.6   290.9   315.3   348.9   434.8  1675.9  3483.3  7823.1 132382.8   132360
read      231.5   125.4    59.1    96.2   105.1   208.9   271.8   304.8   328.3   355.6   389.5   438.9   540.2  1213.8  2433.7  67802.0    67591
read      222.9   104.4    59.1    98.2   109.3   214.0   261.0   284.4   299.3   316.5   337.6   368.9   449.4   988.4  2500.4  33888.8    33910
read      242.6   170.0    54.7    96.3   105.3   200.4   277.8   323.0   355.0   389.5   430.7   487.3   613.5  1923.8  4720.8  85931.8    85729
read      193.0   139.3    59.1    98.4   111.9   187.4   211.4   224.5   233.6   246.1   262.2   288.8   364.2  1418.0  5771.6  12856.0    12884
read      232.3   120.4    59.1    96.9   106.8   218.8   274.4   303.0   321.5   342.0   367.0   402.9   490.7  1093.5  2775.1  45596.6    45621
read      229.6   144.0    59.1    98.2   109.1   215.7   266.4   291.2   307.8   326.0   347.7   383.8   476.0  1617.3  5093.5  36991.0    36938
read      239.9   132.3    59.1    96.9   106.2   218.9   282.0   315.3   337.8   363.1   393.7   440.3   555.8  1453.8  2536.2  56802.2    56902
read      257.6   207.5    63.8   100.2   110.6   197.7   275.5   335.3   377.9   422.0   469.9   541.8   768.9  2554.6  5778.6 102281.8   102243
read      195.9    90.8    59.1    99.5   113.5   192.4   216.3   229.9   240.0   253.0   269.8   295.4   371.0  1148.9  2517.6  14028.6    14085
read      246.3   179.2    54.7    97.6   107.1   197.0   275.3   326.4   362.7   400.9   447.2   507.9   652.3  1909.7  6137.5  94203.6    94103
read      240.3   298.1    59.1    96.2   105.2   217.9   280.7   314.5   337.1   362.3   392.7   437.8   539.0  1377.4  4627.6  58072.4    58175
read      255.7   318.9    59.1   108.6   120.6   202.5   250.3   276.7   295.4   317.8   348.0   405.6  1584.6  3478.9  7773.9 151236.8   151312
read      230.7   130.5    59.1    97.2   106.2   198.9   266.9   304.3   331.1   362.6   401.4   459.9   565.3  1026.2  2737.2  83321.6    83333
read      274.8   328.6    63.8   116.7   131.2   222.2   266.5   290.6   308.4   330.1   361.3   427.2  1609.5  3475.3  7848.4 165020.8   165153
read      202.3   111.2    59.1    99.2   108.6   175.5   220.8   251.1   273.6   298.5   328.1   370.1   479.5  1272.6  3343.5 124088.8   123975
read      219.9   132.0    59.1    99.4   111.3   212.3   250.5   271.6   286.1   302.1   321.2   353.3   440.2  1532.6  4882.3  28495.8    28449
read      196.6    83.8    59.1    97.8   111.7   194.2   219.5   233.1   243.7   255.7   272.2   298.0   373.6   978.5  2678.0  14907.2    14903
read      222.8   112.0    59.1    99.0   110.2   213.8   258.5   280.5   294.6   311.7   333.1   365.8   459.5  1406.4  3055.4  31196.2    31189
read      229.2   101.6    59.1    97.9   108.3   217.9   271.1   297.0   314.3   333.6   357.0   392.8   486.0   835.8  1546.0  40570.0    40636
read      246.8   191.9    59.1    96.8   105.9   205.6   278.9   319.7   349.2   383.6   426.5   488.5   655.2  2500.2  5151.6  80351.4    80574
read      254.3   226.8    59.1   118.0   132.2   217.0   262.0   286.9   304.9   326.4   357.0   414.4  1402.3  3153.7  5058.4 168791.2   168820
read      213.4   132.9    59.1   110.7   122.2   191.2   229.9   254.7   273.1   294.9   322.4   366.8   481.1  1472.9  4513.4 162804.2   162621
read      236.4   184.1    59.1    98.6   108.3   189.2   255.5   298.4   331.8   372.0   424.2   496.8   645.5  1920.2  7289.6 101535.4   101621
read      239.6   133.8    63.8    96.7   105.8   219.1   282.3   315.6   338.3   363.5   394.0   440.4   546.9  1583.6  2558.7  58626.4    58592
read      252.5   344.7    59.1   108.7   120.4   201.2   249.1   275.1   293.7   315.4   343.6   395.5  1582.7  4380.8  8034.3 152691.8   153042
read      202.5   124.0    59.1    97.6   106.5   175.2   223.8   254.5   276.4   300.4   328.9   369.9   476.1  1454.2  3389.6 112698.4   112238
read      209.1   122.5    63.8   108.4   119.4   186.9   225.8   250.7   269.6   291.9   319.8   364.2   475.9  1323.4  3842.2 160171.2   160265
read      235.6   167.1    59.1    97.3   106.5   215.4   272.8   303.6   324.9   348.9   379.8   426.5   537.7  1673.6  6927.3  56944.6    57109
read      244.2   166.4    63.8    97.3   106.4   198.5   278.5   328.5   362.8   398.1   440.4   499.2   624.5  1832.8  3507.6  88671.6    88551
read      175.8    65.8    59.1    94.8   107.5   171.9   194.8   206.6   214.8   225.2   238.6   264.6   331.3   840.5  1010.9   8426.4     8385
read      225.3   105.5    63.8    98.7   109.8   215.5   263.5   287.5   303.1   319.8   341.4   372.7   460.2  1162.8  2623.0  34097.2    34088
read      230.3   209.1    59.1   100.3   110.3   186.1   238.9   274.2   299.8   331.9   377.4   478.0   772.1  2358.2  7437.2 113713.6   113600
read      277.4   351.7    59.1   103.9   115.4   201.8   255.3   284.4   305.0   330.4   367.4   525.4  1702.8  3465.7  7843.3 131830.4   131842
read      202.5   115.4    59.1    97.6   106.7   175.4   223.8   255.2   278.0   302.5   331.5   371.7   470.2  1119.8  3659.9 112138.6   112066
read      237.5   155.5    59.1    96.7   105.8   207.8   275.3   311.7   337.5   367.2   402.3   457.4   570.8  1940.6  3402.5  72612.2    72585
read      266.5   412.6    59.1   104.0   115.1   196.6   248.0   276.4   295.5   317.5   346.4   401.1  2950.9  4550.6  8033.6 133555.8   133669
read      182.5    73.3    59.1    97.5   111.5   179.5   202.7   215.0   224.1   234.5   249.7   272.8   334.1   843.2  2048.0  11862.2    11820
read      189.0    77.9    63.8    97.3   111.0   186.4   210.4   222.9   231.9   243.7   259.4   286.5   362.5   863.5  2030.5  12582.6    12639
read      301.2   326.7    54.7   104.5   116.6   207.2   262.8   298.3   329.5   379.1   553.9  1004.7  1555.2  3182.9  7235.0 118411.4   118548
read      209.7   101.0    59.1   111.1   122.8   191.1   228.3   251.9   269.9   291.0   317.5   359.1   454.1  1017.6  2974.4 165797.8   165754
read      231.4   146.3    59.1    96.7   105.6   193.4   264.0   304.9   334.4   368.4   410.5   468.9   583.4  1271.5  4599.5  86508.0    86823
read      196.8   105.8    59.1    97.8   110.4   193.6   220.1   234.5   245.9   258.7   274.1   299.3   365.0  1266.9  4098.6  17005.0    16898
read      274.3   375.8    59.1   102.3   113.4   196.7   247.2   275.8   296.7   322.0   360.8   506.9  2304.1  3637.0  7842.9 123104.6   123124
read      233.9   153.1    59.1    96.3   105.2   205.8   270.6   305.2   329.9   358.7   394.7   450.8   565.2  1682.6  4062.0  71984.0    72278
read      234.3   126.7    59.1    97.0   106.7   218.6   276.5   306.2   325.5   346.4   372.4   411.7   505.1  1255.0  2979.4  47925.4    47757
read      240.3   144.0    59.1    96.3   105.3   218.3   282.9   317.7   341.3   367.5   398.0   445.2   547.0  1682.8  3126.0  60620.6    60510
read      212.0    91.3    59.1    99.2   111.5   207.5   243.5   263.1   275.8   291.1   310.0   339.1   415.7  1004.6  1873.4  25243.6    25237
read      255.4   216.4    59.1    99.6   109.7   197.7   278.3   337.3   378.7   420.4   466.8   533.1   686.5  2717.7  7706.5  97574.0    97783
read      220.7   154.9    63.8   100.8   111.1   186.0   232.5   262.9   285.2   311.7   346.2   412.6   810.7  1683.4  3274.5 119383.2   118966
read      196.3    84.9    59.1    98.8   112.4   193.0   219.2   233.5   244.8   257.8   273.9   300.6   379.0  1027.7  2502.4  16676.6    16631
read      183.1    85.7    63.8    97.2   110.5   178.1   202.1   214.8   224.1   234.6   250.0   274.6   358.0  1214.6  2402.4  11719.2    11743
read      245.9   225.1    63.8   101.4   111.8   190.1   243.3   279.7   307.7   343.5   406.5   580.7  1050.0  2488.2  7067.2 114988.4   115026
read      200.5   107.5    59.1    99.2   108.8   175.7   220.4   249.8   272.1   296.7   325.6   366.3   458.6   812.3  3479.3 122622.0   122371
read      166.6    75.7    59.1    93.2   104.8   158.6   181.5   193.5   201.5   212.4   226.2   250.3   328.1   867.0  1906.6   7180.4     7198
read      213.2   197.3    54.7    98.8   110.6   205.5   241.2   261.4   274.3   289.5   308.7   338.6   419.3   925.0 11219.6  25043.4    25022
read      302.4   344.5    63.8   117.6   133.5   235.9   285.0   310.6   329.6   353.7   391.9   557.9  1653.1  3451.0  7854.1 157629.6   157513
read      219.2   115.6    63.8   115.5   128.7   200.1   237.4   261.2   278.3   298.8   325.6   368.2   472.1  1460.2  3564.2 172124.4   171975
read      205.6   101.5    63.8   107.0   117.8   184.7   223.6   248.5   267.9   290.4   318.2   360.6   457.9  1017.1  2816.5 155038.8   154918
read      200.5    97.2    63.8   101.9   111.7   177.3   218.5   245.3   266.4   290.8   319.7   362.8   457.7  1023.0  2435.7 139281.2   139185
read      209.4   155.9    59.1   105.7   116.4   184.0   224.0   249.9   269.6   292.4   320.3   363.8   474.2  1730.1  5308.4 152895.8   152724
read      206.6   244.2    59.1    99.4   112.2   198.2   227.2   243.9   256.2   270.7   288.8   316.2   385.1  1037.6 11463.8  20773.4    20845
read      305.3   374.2    59.1   109.2   122.5   220.0   276.0   304.7   325.1   351.3   395.4  1135.9  1714.9  3559.0  7723.6 140061.4   140348
read      239.0   158.3    59.1    97.7   107.0   196.6   269.9   313.8   345.8   382.8   427.1   490.5   619.1  1677.3  3825.9  88585.6    88725
read      260.4   300.1    59.1   103.1   114.2   195.7   248.5   278.4   298.9   323.2   357.2   437.0  1563.2  3405.0  7207.8 134013.8   134088
read      235.2   160.7    54.7    96.3   105.1   209.3   271.3   304.9   329.1   357.4   391.7   442.9   562.3  2058.3  4169.2  66008.2    66126
read      244.1   173.0    59.1    96.0   104.8   207.2   283.4   326.1   355.6   387.9   426.8   479.4   598.9  1773.2  5396.9  78082.8    78214
read      239.2   139.0    59.1    96.7   106.0   220.0   281.9   314.9   336.6   360.6   389.2   432.0   530.9  1457.5  3482.9  55085.6    55191
read      239.4   149.7    59.1    96.4   105.6   219.9   280.4   313.0   334.6   358.4   387.2   431.4   545.4  1563.8  3869.6  54039.2    54081
read      224.2   181.6    59.1    99.1   109.0   181.8   233.0   268.0   292.9   321.8   364.1   463.2   729.4  2525.0  4909.8 112623.8   112478
read      222.5   118.2    59.1   119.9   133.8   206.6   242.7   264.7   280.7   299.7   324.9   365.9   462.2  1055.8  4099.6 179708.6   179666
read      223.9   150.5    54.7    98.6   108.2   185.1   243.2   279.9   305.9   336.9   379.4   459.2   623.5  1766.0  3805.1 100645.8   100584
read      227.7   203.6    59.1   101.8   111.9   184.8   232.3   262.3   283.9   308.5   339.5   393.0  1351.1  2195.8  3864.0 128160.0   127920
read      178.1   551.7    63.8    92.2   103.4   157.1   178.5   190.1   198.6   209.1   222.7   246.9   331.3  1891.7 27733.3   6584.8     6594
read      215.1   150.8    59.1    98.8   111.1   207.4   243.4   263.8   277.4   293.0   312.9   344.1   433.8  1322.6  7624.0  25126.4    25020
read      295.3   393.1    63.8   105.6   117.7   209.7   265.2   294.0   314.8   340.9   382.3   839.9  1726.3  4530.9  7880.6 129474.2   129587
read      175.6    94.9    59.1    95.1   108.2   168.5   191.6   203.6   213.0   223.6   236.4   263.1   342.7  1203.5  3454.1  10283.2    10277
read      293.8   374.6    63.8   112.9   127.3   224.3   276.8   303.6   322.4   345.8   381.9   485.3  1741.4  3759.6  7873.7 148339.2   148458
read      206.6   149.7    59.1    97.2   106.4   192.2   240.0   263.3   278.1   294.5   315.6   347.9   436.6  1025.5  7670.0  66015.6    66114
read      205.5   105.5    54.7    97.8   107.3   198.0   237.7   257.8   271.3   287.3   307.8   341.5   441.9   860.2  4082.9  49515.2    49261
read      197.3   110.9    59.1    98.5   107.9   172.2   215.1   243.0   265.3   290.3   319.2   361.5   467.3   937.7  1595.0 133159.2   133049
read      198.0    92.6    54.7    96.0   104.5   173.4   223.9   254.7   275.8   297.7   323.1   361.5   456.6   680.2  1610.8 106504.6   106628
read      202.7    71.8    54.7   105.8   119.3   202.7   226.7   239.5   249.6   261.6   276.5   304.9   382.6   577.8  2329.0  23594.2    23498
read      221.3   149.5    54.7    99.0   108.7   184.9   240.6   275.9   300.1   329.6   370.5   450.0   620.9  1283.3  5579.7 103445.4   103564
read      223.0   165.3    59.1   111.0   122.9   195.3   236.0   262.7   281.6   303.8   332.9   378.6   568.7  2271.9  4587.0 161671.6   161774
read      236.9   171.9    59.1    98.3   109.1   217.5   266.0   291.9   310.0   331.0   358.5   402.2   628.8  2330.4  6230.0  38965.8    39037
read      307.0   368.0    59.1   123.6   140.7   246.2   292.5   316.8   335.3   358.6   393.2   483.5  1820.1  3976.6  7893.9 163649.6   163622
read      210.6   141.7    59.1   101.5   111.4   180.5   224.2   253.0   275.0   300.1   331.4   378.1   622.5  1856.6  3475.2 132266.6   132405
read      205.8   134.5    54.7   101.0   110.7   179.0   222.3   250.9   272.7   297.1   326.6   369.3   486.4  2028.6  3716.8 131544.4   131596
read      219.6   103.3    59.1   116.9   130.2   202.1   238.8   262.1   278.8   298.7   325.4   368.1   471.0  1156.9  3137.3 174425.6   174543
read      240.8   181.3    59.1    97.7   107.1   195.7   270.4   317.4   351.6   389.8   435.8   498.7   621.7  1502.3  7726.8  90517.6    90567
read      220.3   144.5    59.1    99.6   109.5   181.7   231.1   265.0   290.2   319.2   360.0   449.2   754.8  1425.1  2839.1 116338.4   116582
read      197.7    94.3    63.8    98.9   112.8   193.1   219.4   234.1   246.2   260.2   277.1   304.8   379.6   863.3  3004.4  13806.2    13888
read      322.5   430.5    63.8   105.2   117.9   213.7   267.3   297.6   322.0   360.8   484.0  1266.4  1993.3  3754.4  8839.1 119305.6   119224
read      215.4   152.5    59.1   108.0   119.2   189.7   229.9   255.5   274.7   297.3   325.5   368.7   514.3  2049.9  4886.2 156415.4   156471
read      203.5    83.1    59.1   109.2   119.9   185.0   222.1   245.8   264.5   286.5   313.7   354.0   441.8   679.8  1003.3 164026.4   164013
read      197.8    85.4    54.7    99.7   110.1   198.5   229.1   244.0   254.1   267.0   282.9   309.0   370.0   518.8  1989.7  41872.4    41909
read      195.1    85.3    59.1    99.1   108.3   172.6   217.0   245.7   267.1   290.1   316.1   352.3   424.3   574.2   996.4 128291.0   128280
read      193.9    89.6    54.7    96.3   105.0   173.3   222.4   250.1   268.8   288.2   310.3   341.2   404.3   546.9  1929.0 107146.4   107066
read      199.8   122.2    59.1    99.5   109.6   199.6   232.8   248.7   259.8   272.2   288.7   313.5   369.7   503.1  3574.3  46204.6    46119
read      168.6    56.0    59.1    97.6   110.5   162.1   183.9   196.0   204.3   215.3   229.8   252.0   303.1   812.8  1786.4  10276.0    10227
read      168.9    71.4    59.1    97.9   110.8   162.6   183.4   195.0   203.0   213.9   227.8   249.3   299.7   834.1  3799.0  10848.2    10870
read      197.5    90.4    59.1   102.6   112.4   175.9   215.6   241.3   262.0   285.9   314.1   353.5   434.9   689.1  2192.3 146459.6   146664
read      182.2    64.5    54.7   101.2   113.9   179.1   201.4   213.6   222.3   232.8   248.0   271.9   335.1   520.0  1818.1  19941.6    19865
read      196.7   129.3    54.7    97.5   106.5   173.9   222.6   251.3   271.4   292.4   315.9   349.0   424.1   587.3  2311.1 113225.0   113409
read      201.0    81.1    50.7    97.4   106.8   190.5   238.8   260.6   274.2   289.4   308.0   336.5   399.6   553.6  1168.0  70650.0    70623
read      200.5    76.8    59.1    98.4   108.3   198.7   236.3   254.1   266.6   280.2   296.4   323.1   382.3   491.0  1174.2  52586.2    52633
read      196.1    83.8    59.1    96.8   105.7   175.2   225.3   253.7   272.8   292.2   314.7   346.2   418.0   554.9   751.4 104605.2   104630
read      200.9   139.6    54.7    99.5   109.8   199.5   231.9   248.0   259.0   271.5   288.0   313.4   372.6   633.3  7430.7  42647.4    42594
read      197.4    86.9    59.1    96.0   104.7   177.4   230.1   257.6   274.6   292.9   314.9   346.5   419.4   561.5  1268.4  95272.0    95196
read      202.4    81.1    59.1    98.9   108.9   200.2   237.5   255.3   267.7   281.7   298.6   326.4   397.0   553.7  1700.3  52258.2    52243
read      196.0    70.2    54.7    99.7   110.3   196.6   226.1   240.1   250.6   263.1   278.3   304.0   367.4   492.5  1377.9  36908.6    37031
read      204.7   263.4    54.7    99.6   110.3   199.2   230.2   245.5   256.1   269.2   286.0   312.6   378.7   620.0 11872.3  39834.2    39878
read      196.3    86.6    54.7    97.0   105.9   174.3   223.6   252.7   272.4   292.9   316.6   350.2   424.1   584.3  1312.2 110650.2   110750
read      169.3   249.1    54.7    94.4   105.6   154.7   173.7   186.2   195.4   205.8   219.0   243.4   310.4  2359.7 10876.8   8309.6     8231
read      201.1    84.2    54.7    97.6   107.0   193.3   238.2   258.7   271.9   287.1   305.4   334.1   401.3   542.0   947.7  63441.2    63638
read      198.6    87.9    50.7    96.5   105.4   180.0   231.8   258.4   275.3   292.9   314.3   345.0   422.1   582.7  1361.0  89965.4    90167
read      200.8    78.2    54.7    98.7   108.8   199.1   235.6   252.8   265.1   278.6   295.6   322.8   388.5   526.9  1471.9  50546.2    50555

Total QPS = 91119.8 (77451824 / 850.0s)

Total connections = 64
Misses = 0 (0.0%)
Skipped TXs = 0 (0.0%)

RX 19130599540 bytes :   21.5 MB/s
TX          0 bytes :    0.0 MB/s
Warning! Detected max cpu usage > 95%
CPU Usage Stats (avg/min/max): 99.86%,40.20%,100.00%