#type       avg     std     min      p5     p10     p50     p67     p75     p80     p85     p90     p95     p99    p999   p9999      QPS   target       ts_start         ts_end
read      213.6    86.7    68.9   113.3   131.2   211.5   232.7   245.2   253.9   265.6   279.7   305.5   370.1  1287.0  2884.9   4973.0     5000  1746484890743  1746484895950
read      223.3   235.5    68.9   111.7   130.2   215.3   239.1   252.8   263.1   274.1   290.8   316.6   377.0  2079.8 10061.7  10030.6    10000  1746484897455  1746484902651
read      223.7    72.7    68.9   113.5   131.2   223.1   249.9   265.0   275.0   289.3   306.5   333.0   392.1   505.5  2077.8  14993.0    15000  1746484904155  1746484909324
read      236.7    84.4    68.9   115.6   133.2   237.8   267.4   283.1   294.0   308.0   324.8   352.7   415.5   545.0  2670.6  19957.8    20000  1746484910828  1746484915997
read      236.8    93.7    68.9   112.1   126.8   236.8   270.0   288.0   300.6   315.9   336.3   367.1   433.0   614.3  2732.3  25134.2    25000  1746484917501  1746484922667
read      237.5    82.5    63.8   112.3   126.5   237.7   274.5   293.6   307.4   322.5   343.2   373.0   436.0   530.1   980.8  30019.0    30000  1746484924171  1746484929340
read      250.3    98.6    63.8   113.4   127.9   249.9   292.5   314.2   329.7   346.9   369.8   402.1   470.3   592.6  1310.9  34932.6    35000  1746484930843  1746484936010
read      238.8   109.8    63.8   110.9   123.9   234.6   277.4   299.2   314.6   332.4   354.5   388.7   461.8   623.6  3419.4  39926.8    40000  1746484937513  1746484942686
read      244.0    95.9    68.9   110.5   123.4   239.0   286.1   310.4   327.2   346.4   371.3   407.8   480.0   583.8   834.6  44819.3    45000  1746484944190  1746484949358
read      244.9   117.1    54.7   110.0   122.7   238.8   288.2   312.8   329.9   348.8   372.9   409.0   482.8   624.7  3236.6  49965.6    50000  1746484950862  1746484956031
read      242.6   101.9    63.8   109.1   121.4   233.4   285.2   311.9   330.4   351.3   376.9   415.6   490.8   598.3  1274.3  55169.8    55000  1746484957534  1746484962704
read      246.6   112.2    68.9   109.8   122.2   234.0   288.9   317.4   337.4   360.5   388.6   429.4   507.8   642.4  2927.0  60085.0    60000  1746484964209  1746484969378
read      249.0   212.0    68.9   108.1   120.6   232.4   286.6   315.6   336.3   360.2   389.8   432.5   523.7  1003.7 11162.3  65172.3    65000  1746484970882  1746484976051
read      247.3   111.7    63.8   108.0   120.4   233.0   288.5   318.1   339.3   364.2   394.7   439.0   530.6   739.3  1707.7  70166.8    70000  1746484977555  1746484982724
read      242.4   111.3    63.8   106.8   118.5   226.5   282.6   313.1   334.8   359.6   389.6   432.5   518.8   675.7  2469.5  75093.2    75000  1746484984227  1746484989396
read      243.8   111.9    63.8   107.3   119.5   227.1   284.7   315.7   337.6   362.4   392.5   435.5   525.0   697.3  2254.6  80156.4    80000  1746484990900  1746484996068
read      249.7   116.7    59.1   109.0   121.0   228.0   288.3   322.9   347.8   375.8   410.3   461.9   568.5   750.6  1464.3  84874.6    85000  1746484997571  1746485002740
read      254.2   122.4    68.9   110.3   123.2   231.5   292.0   326.9   352.1   381.0   416.5   468.3   588.9   872.8  2174.1  90092.4    90000  1746485004243  1746485009410
read      261.6   130.3    63.8   111.6   125.3   237.3   299.7   336.6   362.6   392.2   429.1   486.2   628.3   987.9  1948.4  94898.9    95000  1746485010914  1746485016083
read      282.9   161.2    63.8   118.1   133.6   242.0   309.7   355.1   388.9   428.2   478.4   566.9   835.2  1269.8  2328.0 100343.0   100000  1746485017587  1746485022755
read      279.9   154.5    68.9   117.2   132.1   239.6   311.2   359.9   394.8   434.4   483.0   558.1   742.0  1055.8  3320.0 105205.5   105000  1746485024259  1746485029429
read      310.8   182.6    68.9   124.1   140.7   259.7   340.0   395.9   436.6   483.7   544.9   651.7   916.7  1358.6  2541.6 110036.1   110000  1746485030934  1746485036102
read      354.2   267.8    68.9   127.7   144.4   258.8   352.8   437.0   501.4   581.3   695.2   891.5  1337.8  2103.9  3296.3 115021.7   115000  1746485037605  1746485042776
read      541.0   569.5    74.4   160.9   185.3   290.6   356.4   495.8   903.5  1297.4  1445.8  1613.2  2512.1  4086.4  7961.7 117349.2   120000  1746485044279  1746485049451
read      530.7   576.9    74.4   154.9   178.2   283.9   353.3   461.2   829.9  1268.2  1432.6  1617.8  2569.8  4146.0  8004.8 118674.6   125000  1746485050955  1746485056122
read      567.3   623.8    74.4   163.0   187.6   305.4   373.1   499.4   934.1  1327.9  1477.3  1659.8  3053.9  5222.1  8055.1 114954.2   130000  1746485057625  1746485062794
read      584.0   648.2    63.8   166.4   192.0   312.2   388.7   521.5   998.6  1350.7  1497.0  1688.8  3173.5  5705.6  8101.5 112049.3   135000  1746485064298  1746485069469
read      544.3   604.5    74.4   159.7   184.3   288.7   350.2   453.8   851.6  1303.6  1453.1  1625.2  2836.4  5030.3  8046.0 119796.4   140000  1746485070973  1746485076142
read      544.7   604.5    74.4   165.3   187.9   285.5   366.8   485.5   870.6  1284.6  1433.4  1610.6  2915.1  4817.1  8104.3 119711.8   145000  1746485077646  1746485082816
read      521.3   569.0    74.4   158.9   182.7   281.2   341.2   456.1   801.2  1206.8  1386.7  1557.3  2674.7  4479.3  7993.3 124987.0   150000  1746485084318  1746485089488
read      560.0   630.4    74.4   160.8   185.7   302.4   368.8   473.2   853.4  1291.4  1452.1  1643.0  3160.7  5223.5  8062.9 116628.2   155000  1746485090992  1746485096163
read      559.2   620.4    68.9   165.5   190.3   297.9   380.3   507.9   872.6  1269.5  1439.9  1642.1  3133.0  5279.6  8059.1 116808.3   160000  1746485097667  1746485102837
read      577.9   609.5    74.4   165.2   191.4   317.4   404.4   606.4   957.9  1300.9  1456.4  1636.8  2978.5  5080.5  8057.2 112999.3   165000  1746485104341  1746485109511
read      555.2   578.9    63.8   161.2   185.4   299.3   373.7   571.2   955.2  1305.0  1452.2  1615.0  2585.1  4328.7  7973.6 117290.6   170000  1746485111016  1746485116183
read      544.4   607.2    74.4   159.3   183.5   290.7   349.4   452.2   861.3  1286.8  1439.5  1607.6  2943.5  5186.8  7995.3 119819.3   175000  1746485117687  1746485122856
read      573.8   653.0    74.4   163.9   188.8   304.2   371.8   471.1   955.0  1329.4  1471.3  1659.0  3263.9  5997.8  8086.0 114029.8   180000  1746485124359  1746485129529
read      590.5   651.8    74.4   165.2   190.2   315.4   389.8   515.4  1101.8  1374.2  1501.4  1682.1  3182.1  5946.5  8115.1 110817.0   185000  1746485131033  1746485136205
read      578.1   622.4    74.4   165.0   190.2   312.6   389.0   552.2  1008.3  1332.4  1476.9  1654.5  3009.7  4854.4  8028.1 113023.1   190000  1746485137709  1746485142878
read      568.1   634.6    80.4   162.3   186.7   301.8   368.4   475.7   953.2  1338.0  1482.9  1672.2  3165.3  5372.3  8068.4 115189.4   195000  1746485144383  1746485149554
read      568.8   613.1    80.4   162.6   187.9   302.1   381.2   526.9  1037.0  1343.1  1479.6  1665.0  2763.0  5179.9  8078.4 114918.0   200000  1746485151057  1746485156227
read      597.2   633.8    74.4   171.3   197.3   328.9   418.4   600.9  1015.6  1338.9  1488.1  1684.3  3094.1  5072.6  8093.0 109349.0   205000  1746485157732  1746485162901
read      572.2   616.2    80.4   167.2   193.2   316.0   397.7   560.7   881.3  1272.8  1456.7  1670.4  3010.6  5090.1  8126.2 114152.1   210000  1746485164405  1746485169575
read      551.9   610.0    74.4   162.9   189.1   301.1   375.1   518.4   834.8  1228.0  1425.7  1625.5  2918.8  5191.8  9478.2 118435.4   215000  1746485171079  1746485176250
read      531.6   584.2    74.4   162.1   186.6   287.6   354.9   473.6   809.5  1211.7  1393.4  1576.5  2782.9  5071.2  8050.7 122638.4   220000  1746485177753  1746485182923
Warning! Detected max cpu usage > 95%
CPU Usage Stats (avg/min/max): 57.50%,0.50%,100.00%
