#type       avg     std     min      p5     p10     p50     p67     p75     p80     p85     p90     p95     p99    p999   p9999      QPS   target       ts_start         ts_end
read      202.9   128.0    74.4   107.6   119.7   198.0   219.9   232.2   241.4   252.3   268.1   292.4   363.5  1103.0  7189.4   4970.6     5000  1746483128547  1746483133752
read      208.9    99.4    74.4   111.4   128.2   205.6   227.6   239.5   249.1   260.7   275.3   299.8   359.0  1396.3  2997.1   9963.6    10000  1746483135257  1746483140458
read      233.9    76.9    63.8   117.0   135.8   235.4   261.6   275.0   286.2   297.6   315.1   341.4   401.5   563.5  2000.8  14955.0    15000  1746483141961  1746483147136
read      240.2    97.6    63.8   115.6   132.2   242.4   271.1   286.5   296.8   310.5   327.0   354.8   418.9   791.2  2707.9  20002.6    20000  1746483148640  1746483153811
read      241.6    82.1    68.9   114.1   129.1   244.5   277.0   294.2   307.0   320.7   340.3   369.8   431.5   544.7  1268.6  24939.8    25000  1746483155315  1746483160488
read      251.3   110.0    68.9   113.1   126.8   255.2   292.4   311.7   325.0   341.3   362.4   393.7   458.1   596.9  3389.8  30047.6    30000  1746483161992  1746483167163
read      240.4   135.6    68.9   110.7   122.9   240.4   279.5   299.4   313.6   330.0   350.5   382.9   447.6   666.0  4296.2  35241.4    35000  1746483168667  1746483173838
read      247.6    98.7    63.8   111.6   124.2   248.5   292.4   314.1   329.3   346.1   369.0   401.5   469.5   592.6  2282.4  40030.6    40000  1746483175341  1746483180511
read      246.1   189.1    63.8   110.0   122.0   242.3   288.9   311.8   327.6   345.3   368.5   401.4   471.2   642.0 11183.2  45033.9    45000  1746483182016  1746483187188
read      244.5   209.3    68.9   109.6   121.4   237.5   285.9   308.9   324.4   342.8   366.6   401.3   475.4   835.6 12120.8  49855.6    50000  1746483188692  1746483193862
read      242.2   128.9    68.9   107.7   119.8   234.7   286.9   312.5   330.3   350.4   374.8   411.4   486.1   641.6  4088.7  55056.0    55000  1746483195368  1746483200538
read      239.9   136.7    68.9   106.5   118.4   229.4   284.5   311.4   329.7   350.3   375.0   413.4   490.6   614.0  1989.2  59892.8    60000  1746483202042  1746483207213
read      247.3   109.1    63.8   109.9   122.9   234.9   292.7   320.6   340.0   362.0   388.7   427.4   507.2   645.7  2083.6  65081.1    65000  1746483208717  1746483213887
read      241.6   107.1    68.9   109.0   121.1   226.4   283.8   313.0   332.9   355.6   383.5   423.8   501.4   679.5  2173.2  69957.7    70000  1746483215392  1746483220564
read      240.1   103.2    68.9   108.3   120.6   224.1   281.4   311.7   332.2   355.5   383.6   423.5   499.5   612.9  1098.1  74789.5    75000  1746483222069  1746483227239
read      246.3   109.7    68.9   110.7   124.2   230.1   286.3   316.7   338.0   362.2   391.1   432.0   511.0   693.7  1782.5  79923.7    80000  1746483228744  1746483233917
read      249.3   145.2    68.9   111.3   125.5   232.5   288.0   318.0   339.3   363.9   393.4   435.0   523.2   723.8  4550.1  84790.2    85000  1746483235422  1746483240592
read      246.9   132.9    68.9   111.1   125.1   229.7   284.4   315.1   336.8   361.6   391.9   434.6   520.5   663.7  3106.7  90096.4    90000  1746483242095  1746483247267
read      246.7   160.7    63.8   112.0   126.4   227.9   281.5   311.6   332.7   357.2   387.8   431.4   527.9   802.7 10400.1  95130.6    95000  1746483248770  1746483253939
read      251.5   230.4    68.9   114.2   129.1   231.1   285.1   315.2   336.9   362.0   393.2   437.6   544.9   825.3  5527.1 100179.6   100000  1746483255443  1746483260614
read      248.8   119.8    68.9   115.4   131.0   233.0   284.8   313.7   334.6   358.8   388.6   431.0   512.8   655.9  1326.0 104893.1   105000  1746483262117  1746483267289
read      295.7   124.3    68.9   135.0   156.5   282.1   336.3   366.7   388.8   414.6   448.7   501.8   624.9   890.4  2428.5 110117.2   110000  1746483268792  1746483273962
read      339.0   166.2    74.4   152.2   178.9   319.0   378.5   413.0   438.9   472.3   520.1   597.0   756.5  1000.6  3906.8 114930.4   115000  1746483275465  1746483280634
read      548.6   278.9    86.8   314.9   353.6   485.3   559.6   665.8   742.2   803.2   859.5   926.7  1033.5  1268.2  7350.2 116000.5   120000  1746483282137  1746483287309
read      572.5   209.2    93.8   349.4   382.5   501.7   570.7   688.0   780.8   845.2   903.1   970.0  1077.9  1252.8  4200.7 112867.2   125000  1746483288812  1746483293982
read      546.1   207.5    86.8   318.8   354.9   482.1   555.0   662.9   743.2   804.3   858.4   923.5  1022.2  1243.5  4964.0 117818.0   130000  1746483295485  1746483300656
read      533.2   232.2    74.4   317.8   349.9   460.1   543.6   684.7   746.4   791.3   836.8   890.4   988.3  1161.9  5762.2 120994.2   135000  1746483302161  1746483307333
read      573.8   229.5    80.4   347.2   381.1   500.8   575.3   701.1   786.5   847.4   902.7   966.4  1073.8  1268.5  6758.6 112848.8   140000  1746483308837  1746483314010
read      563.1   240.8    86.8   338.1   372.6   492.0   567.0   693.3   770.7   830.4   883.9   942.6  1054.8  1269.2  6224.6 114918.4   145000  1746483315513  1746483320682
read      552.1   208.0    80.4   331.4   364.7   482.5   549.9   676.8   759.8   818.7   869.4   930.3  1025.1  1243.1  4666.8 117109.0   150000  1746483322184  1746483327359
read      549.9   209.0   101.3   326.3   359.3   482.3   564.0   684.0   753.1   808.3   859.2   921.6  1016.5  1188.0  5093.1 117704.4   155000  1746483328863  1746483334036
read      532.5   209.9    86.8   322.5   352.3   456.9   539.6   686.3   749.0   791.8   835.7   886.6   990.7  1216.1  5169.2 121413.6   160000  1746483335539  1746483340709
read      564.0   209.7    86.8   343.3   376.4   493.0   562.8   687.7   774.2   835.0   889.0   948.2  1057.9  1229.7  4868.8 114849.4   165000  1746483342212  1746483347385
read      597.5   222.5    86.8   369.8   405.0   523.9   586.9   695.6   815.8   887.0   945.5  1009.7  1110.2  1312.1  7037.0 108585.4   170000  1746483348888  1746483354064
read      585.4   218.0    86.8   350.3   386.6   513.9   588.6   706.6   794.9   860.5   919.8   989.3  1096.3  1416.1  5121.8 110687.6   175000  1746483355568  1746483360739
read      567.1   209.6    80.4   340.0   375.5   498.7   573.8   690.1   771.0   834.1   891.3   954.4  1066.4  1263.9  4831.8 114162.3   180000  1746483362242  1746483367414
read      563.7   209.7    74.4   330.5   368.6   496.2   576.7   690.2   763.8   826.6   884.2   946.8  1068.8  1394.3  3957.4 114878.0   185000  1746483368918  1746483374090
read      549.5   206.1    86.8   321.5   356.1   483.4   568.7   684.7   750.2   804.7   857.6   922.7  1020.3  1256.8  5608.4 117770.0   190000  1746483375593  1746483380765
read      556.5   208.2    93.8   333.7   367.3   487.2   562.4   688.8   761.6   819.0   870.9   932.6  1035.4  1253.6  5157.1 116360.6   195000  1746483382269  1746483387440
read      573.9   230.5    68.9   349.2   381.9   499.6   570.1   700.0   787.1   848.1   904.0   968.9  1075.3  1315.9  7049.9 112847.8   200000  1746483388944  1746483394115
read      519.5   201.4    86.8   310.2   340.3   450.0   533.5   661.4   720.7   767.5   810.3   864.3   963.9  1202.4  5125.2 124470.0   205000  1746483395620  1746483400791
read      580.2   227.3    93.8   353.5   387.2   507.3   576.8   688.9   787.9   854.8   913.6   981.7  1086.3  1305.7  6980.3 111687.7   210000  1746483402295  1746483407468
read      564.3   215.7    86.8   340.3   374.7   491.7   566.6   700.5   777.4   834.3   886.5   943.2  1055.0  1257.0  5409.9 114726.7   215000  1746483408972  1746483414144
read      559.6   246.8    80.4   336.5   371.0   488.3   556.0   681.1   764.5   825.9   879.9   939.3  1047.3  1335.8 11344.7 115709.2   220000  1746483415647  1746483420817
Warning! Detected max cpu usage > 95%
CPU Usage Stats (avg/min/max): 60.00%,0.00%,100.00%
