#type       avg     std     min      p5     p10     p50     p67     p75     p80     p85     p90     p95     p99    p999   p9999      QPS   target       ts_start         ts_end
read      178.2    68.0    68.9   105.7   117.5   175.6   191.5   200.4   207.3   215.1   226.6   246.1   307.1   729.0  2475.6   4949.6     5000  1746314856957  1746314862165
read      195.3    68.8    68.9   111.5   126.9   193.5   212.3   222.4   230.0   238.8   253.4   275.8   332.5   698.1  2648.7   9963.6    10000  1746314863669  1746314868868
read      203.6    58.2    68.9   111.0   126.0   203.9   225.2   235.5   245.2   255.3   269.7   290.6   340.5   661.0   924.8  15067.0    15000  1746314870370  1746314875541
read      217.5    66.9    63.8   112.0   127.6   220.4   244.6   258.6   268.1   278.5   292.3   313.5   356.6   526.9  1575.5  20073.4    20000  1746314877044  1746314882210
read      225.0    80.7    63.8   111.7   126.3   227.3   257.8   272.4   283.0   294.3   309.8   332.2   381.0   662.6  2431.9  25046.8    25000  1746314883712  1746314888879
read      223.8    81.6    63.8   109.3   122.4   226.4   259.0   274.9   286.4   298.1   314.7   339.3   390.9   505.5  1474.6  30026.8    30000  1746314890382  1746314895555
read      228.0    92.8    63.8   109.7   122.8   227.8   265.3   283.2   295.0   309.4   326.2   353.0   408.6   574.7  2525.6  34889.8    35000  1746314897057  1746314902226
read      231.6    85.3    63.8   111.4   124.9   230.0   271.7   291.0   304.0   318.3   337.8   367.0   425.3   541.9  1362.0  39886.0    40000  1746314903729  1746314908896
read      232.5    90.9    63.8   109.1   122.5   228.7   273.9   295.0   309.6   325.5   345.2   374.5   435.2   538.5  1002.5  45039.1    45000  1746314910399  1746314915568
read      233.1    99.0    54.7   107.6   120.5   227.1   275.7   298.0   313.3   330.3   350.7   382.8   449.3   632.5  2547.5  49846.2    50000  1746314917071  1746314922238
read      232.5    92.0    63.8   107.4   120.5   224.1   274.4   298.6   315.0   333.6   356.3   390.0   459.2   611.3   954.0  54929.3    55000  1746314923741  1746314928908
read      235.6   104.6    63.8   107.5   121.1   223.6   276.1   302.2   319.4   339.6   364.8   399.8   473.3   724.1  2405.1  60140.0    60000  1746314930411  1746314935582
read      231.1    98.1    63.8   105.4   119.0   217.5   269.6   296.5   314.7   335.5   361.2   398.2   467.9   588.6  1825.5  65192.0    65000  1746314937085  1746314942251
read      233.7   105.3    63.8   106.2   120.3   219.2   272.1   299.6   318.3   339.7   366.0   402.7   476.1   631.7  1727.2  69767.8    70000  1746314943754  1746314948922
read      236.6   106.4    63.8   107.8   122.1   220.3   273.3   302.3   321.9   344.0   371.4   412.2   492.0   652.0  2687.3  74859.7    75000  1746314950425  1746314955598
read      233.4   101.3    63.8   105.8   120.3   217.6   268.8   297.1   316.9   339.7   368.3   409.8   493.7   619.9  1440.4  80046.2    80000  1746314957102  1746314962270
read      237.7   113.1    59.1   107.7   122.5   220.4   272.1   300.7   320.7   344.7   374.9   419.9   507.6   693.9  1468.3  85119.8    85000  1746314963772  1746314968940
read      238.4   102.3    63.8   109.5   124.7   220.9   271.5   300.4   321.0   344.9   375.9   421.9   509.8   664.9  1350.0  90236.4    90000  1746314970443  1746314975614
read      239.4   104.9    63.8   110.0   125.5   221.9   272.4   300.9   321.2   345.5   377.2   423.5   512.1   666.8  2053.0  94807.6    95000  1746314977117  1746314982290
read      245.6   108.5    63.8   113.2   130.1   227.5   277.6   306.4   327.0   351.7   384.1   430.2   532.7   770.8  2572.8  99948.2   100000  1746314983792  1746314988960
read      249.7   106.8    63.8   115.3   132.8   232.0   282.6   311.2   332.1   357.3   389.5   436.1   543.4   735.8  1336.1 104976.4   105000  1746314990462  1746314995633
read      253.5   119.2    59.1   117.5   135.3   235.3   286.2   314.6   335.5   360.3   392.3   440.6   549.8   783.7  3161.1 110091.3   110000  1746314997135  1746315002304
read      259.8   128.4    63.8   121.7   140.4   242.8   292.6   320.4   341.4   366.6   398.7   448.7   556.2   731.4  4240.0 115070.0   115000  1746315003806  1746315008975
read      280.8   123.2    63.8   132.2   152.7   263.6   315.5   345.1   368.0   395.0   429.9   486.6   613.5   801.5  2293.8 120239.2   120000  1746315010477  1746315015650
read      313.0   143.4    63.8   144.6   167.8   290.1   346.4   380.3   405.1   436.7   481.2   558.6   737.8  1130.1  3417.8 125141.6   125000  1746315017153  1746315022321
read      373.6   162.0    68.9   166.9   197.3   345.3   410.7   455.7   492.9   539.9   598.8   680.4   810.8  1007.1  1987.7 129562.2   130000  1746315023824  1746315028991
read      430.4   166.7    74.4   216.1   250.5   395.6   475.1   529.5   568.4   612.5   665.3   736.4   869.8  1074.8  2564.6 134124.6   135000  1746315030493  1746315035662
read      474.1   179.8    80.4   252.1   288.7   428.6   525.5   588.4   630.7   676.2   726.6   793.0   924.9  1129.9  3217.7 134175.7   140000  1746315037165  1746315042334
read      474.7   183.8    74.4   260.0   296.3   423.0   520.7   592.9   638.1   682.5   729.8   791.6   921.4  1165.7  3851.8 135489.2   145000  1746315043837  1746315049005
read      483.5   187.4    80.4   265.9   303.1   427.2   526.0   604.9   653.1   699.6   746.2   807.3   939.5  1163.8  4381.0 133212.2   150000  1746315050508  1746315055676
read      479.1   185.1    80.4   258.4   294.5   428.1   530.3   599.1   643.5   687.7   736.1   802.2   938.9  1168.0  3914.7 134569.5   155000  1746315057179  1746315062347
read      486.8   185.2    80.4   270.2   306.0   430.4   527.1   606.5   656.4   705.4   754.4   816.5   942.8  1173.0  3294.2 132639.4   160000  1746315063850  1746315069017
read      471.1   176.7    80.4   255.7   290.1   421.5   522.7   590.6   633.3   676.5   723.5   786.5   921.8  1122.7  3118.5 136991.1   165000  1746315070520  1746315075694
read      487.1   187.0    80.4   267.1   304.4   431.0   530.7   608.8   658.0   705.3   753.6   815.3   940.6  1153.0  4842.7 132608.0   170000  1746315077196  1746315082364
read      481.0   185.6    74.4   261.4   298.3   427.7   532.0   603.3   647.3   691.4   738.8   801.8   939.1  1172.7  3703.9 134258.7   175000  1746315083867  1746315089036
read      473.3   176.3    80.4   257.2   291.5   425.0   524.1   590.6   633.0   677.0   726.0   791.6   925.2  1164.1  3358.0 136376.1   180000  1746315090539  1746315095708
read      497.6   191.1    68.9   277.7   316.1   435.9   533.2   619.7   675.4   725.9   776.2   839.5   968.8  1175.4  4439.1 129860.1   185000  1746315097210  1746315102378
read      494.0   180.6    86.8   277.5   314.0   436.8   530.5   609.5   662.3   714.2   766.7   831.9   963.9  1152.4  2263.5 130754.0   190000  1746315103881  1746315109050
read      482.5   190.8    80.4   263.4   300.7   427.6   521.9   600.6   649.7   698.2   747.9   815.0   946.0  1168.9  4184.2 133850.1   195000  1746315110552  1746315115723
read      494.5   188.4    68.9   276.1   312.8   435.5   531.0   613.8   667.2   717.6   768.7   833.8   967.9  1179.5  3931.3 130604.1   200000  1746315117225  1746315122395
read      471.5   175.0    80.4   271.5   301.4   410.9   507.7   599.1   646.3   689.0   732.4   788.3   895.8  1085.7  2937.4 136989.1   205000  1746315123899  1746315129067
read      504.7   189.6    74.4   316.0   342.9   431.3   491.4   632.1   708.0   757.6   799.4   851.3   936.6  1130.2  4470.9 128143.6   210000  1746315130570  1746315135743
read      520.7   191.7    74.4   322.6   351.2   451.2   508.1   635.0   718.5   776.0   826.2   879.4   981.5  1186.7  3867.4 124248.6   215000  1746315137246  1746315142415
read      495.8   199.6    93.8   305.5   333.1   425.0   485.6   618.5   694.1   741.8   784.8   836.5   924.5  1150.5  4716.2 130371.5   220000  1746315143918  1746315149086
Warning! Detected max cpu usage > 95%
CPU Usage Stats (avg/min/max): 56.50%,0.50%,100.00%
