#type       avg     std     min      p5     p10     p50     p67     p75     p80     p85     p90     p95     p99    p999   p9999      QPS   target       ts_start         ts_end
read      189.0   110.2    74.4   109.7   123.2   183.8   202.1   213.1   220.7   230.5   244.3   270.1   341.4   868.2  6597.8   4942.2     5000  1746482779378  1746482784597
read      202.4    65.2    63.8   112.7   129.7   200.4   221.2   232.0   240.2   251.0   265.7   290.8   358.7   815.7  1937.3   9957.4    10000  1746482786101  1746482791318
read      200.6    86.1    68.9   108.8   122.4   198.6   220.8   232.4   241.2   251.5   266.1   290.0   351.9   815.6  2505.6  14968.8    15000  1746482792821  1746482798007
read      216.9    78.0    68.9   109.3   122.8   218.8   242.6   256.3   267.1   279.2   295.2   320.2   383.3   778.2  2402.2  20054.2    20000  1746482799510  1746482804696
read      213.2    86.0    63.8   106.7   118.2   213.1   240.4   255.7   267.3   280.3   296.8   324.4   392.0   687.9  2423.0  25017.8    25000  1746482806198  1746482811387
read      223.3    81.3    63.8   107.4   118.8   223.1   259.0   276.0   288.5   302.4   319.6   346.7   412.1   595.0  1477.1  29942.4    30000  1746482812891  1746482818076
read      221.2    95.6    63.8   106.3   117.0   222.0   259.0   275.7   287.9   301.0   317.9   344.3   403.8   647.2  3144.2  34940.2    35000  1746482819580  1746482824768
read      231.6   109.9    59.1   108.3   119.2   231.6   270.5   289.1   301.7   316.0   335.1   364.8   449.4  1373.9  3086.9  40067.9    40000  1746482826273  1746482831458
read      233.3    97.1    63.8   107.2   118.6   235.9   277.9   297.4   310.7   325.1   343.6   372.5   439.1   663.1  2027.7  44965.2    45000  1746482832961  1746482838147
read      228.0   101.8    63.8   105.5   116.6   226.1   271.1   291.3   305.0   319.6   340.1   370.5   436.5   731.0  2577.6  49939.0    50000  1746482839651  1746482844836
read      234.5   108.3    68.9   106.3   117.7   231.1   279.2   300.9   315.8   333.5   355.3   388.6   460.3   691.2  2156.5  54783.8    55000  1746482846340  1746482851526
read      230.4   102.2    63.8   104.8   116.1   223.6   274.0   297.0   312.9   331.0   353.4   388.2   460.7   611.9  1980.5  60216.8    60000  1746482853030  1746482858216
read      236.1    97.7    68.9   107.5   119.2   224.9   279.5   305.8   323.3   343.3   368.7   404.7   485.9   612.6  1027.9  64928.0    65000  1746482859719  1746482864905
read      239.7   105.7    63.8   107.7   120.2   227.0   283.0   310.8   329.8   351.1   377.1   415.7   491.1   609.0  1556.7  70009.0    70000  1746482866409  1746482871597
read      237.4   103.1    63.8   107.3   119.8   223.4   277.9   306.0   325.1   346.9   374.3   413.3   490.7   616.5  1646.1  75097.2    75000  1746482873101  1746482878287
read      237.1   108.7    68.9   106.9   119.3   221.2   276.3   305.5   325.3   347.8   375.8   417.4   497.6   674.8  1904.1  80070.8    80000  1746482879790  1746482884976
read      247.7   108.7    68.9   112.0   126.4   233.3   287.1   315.3   335.4   358.5   387.1   428.7   514.3   728.2  2287.5  85026.2    85000  1746482886480  1746482891667
read      256.3   121.2    63.8   112.4   128.3   242.4   294.0   321.2   341.3   365.1   395.4   443.0   578.0  1004.2  2739.2  90171.2    90000  1746482893171  1746482898357
read      264.0   115.5    68.9   118.2   135.7   250.9   301.7   330.3   350.9   375.2   405.4   453.8   564.8   881.3  1916.3  95180.4    95000  1746482899861  1746482905047
read      253.3   121.8    63.8   114.1   130.1   236.6   288.5   316.8   337.6   362.0   392.9   439.0   554.3   942.0  4073.3  99793.0   100000  1746482906549  1746482911738
read      321.6   165.0    68.9   136.2   160.3   301.1   358.9   391.9   417.1   448.5   492.3   571.3   801.6  1520.5  4920.8 105018.8   105000  1746482913242  1746482918428
read      256.2   108.7    68.9   117.6   134.5   240.5   290.3   318.0   338.8   363.5   394.7   443.1   563.6   931.4  1604.8 109868.4   110000  1746482919932  1746482925117
read      331.8   157.5    68.9   147.8   173.4   309.0   369.1   404.6   432.4   466.5   512.7   589.3   768.9  1267.7  3127.7 114983.8   115000  1746482926621  1746482931809
read      475.8   204.0    74.4   216.8   265.0   431.4   495.3   557.1   634.7   717.8   787.7   858.1   978.1  1368.8  3849.5 118725.6   120000  1746482933314  1746482938501
read      502.3   196.0    74.4   276.1   313.7   438.1   537.4   638.4   693.3   739.7   787.3   847.9   969.6  1606.8  3702.3 123093.5   125000  1746482940005  1746482945195
read      546.1   208.2    93.8   327.1   360.1   476.4   547.4   672.9   751.7   809.1   858.9   920.2  1013.8  1248.8  5062.2 118225.2   130000  1746482946698  1746482951884
read      547.6   215.2    74.4   306.9   348.1   484.3   571.1   672.7   739.5   797.8   854.9   925.0  1065.5  1843.3  4659.7 117784.9   135000  1746482953388  1746482958576
read      568.0   206.3    74.4   340.9   377.5   498.1   569.6   686.6   774.3   839.3   897.1   963.2  1077.3  1320.0  3217.6 113943.0   140000  1746482960080  1746482965268
read      547.1   212.4    80.4   316.4   352.9   480.4   562.5   674.4   745.2   802.7   855.5   921.7  1047.0  1623.8  5069.8 118184.8   145000  1746482966771  1746482971958
read      590.6   227.9    68.9   349.4   389.1   520.5   591.7   702.3   795.9   868.7   930.4  1001.5  1127.6  1505.7  6261.4 109685.2   150000  1746482973463  1746482978651
read      572.1   217.7    74.4   344.6   380.2   499.8   574.6   697.4   783.7   845.1   901.0   965.9  1079.2  1339.4  7145.5 113198.5   155000  1746482980154  1746482985341
read      551.2   215.1    80.4   321.7   357.3   482.0   564.9   685.7   757.1   812.4   863.3   927.1  1047.1  1444.2  4988.8 117382.8   160000  1746482986846  1746482992036
read      532.2   212.9    74.4   308.5   343.3   464.3   552.7   667.3   729.8   781.3   831.4   891.0  1001.9  1358.6  4822.3 121523.5   165000  1746482993541  1746482998729
read      552.0   220.0    74.4   302.4   345.9   483.4   590.4   697.0   755.1   808.1   860.5   928.5  1089.2  1783.3  5507.5 117110.5   170000  1746483000233  1746483005423
read      525.8   222.4    80.4   292.7   329.9   457.0   559.6   668.6   722.8   770.7   818.9   877.9  1011.0  1743.1  5123.2 122864.6   175000  1746483006929  1746483012118
read      554.7   210.6    93.8   324.5   359.8   484.4   571.3   694.5   761.7   817.7   869.0   932.4  1055.4  1354.3  4737.7 116650.0   180000  1746483013623  1746483018811
read      551.0   202.4    74.4   322.4   356.4   479.9   574.7   698.0   761.0   812.8   861.0   923.7  1044.0  1365.1  2701.8 117375.8   185000  1746483020316  1746483025505
read      518.4   206.5    63.8   290.6   325.7   458.0   555.2   649.6   703.2   752.1   801.4   864.4   991.7  1460.0  5613.0 124692.2   190000  1746483027010  1746483032196
read      579.1   218.3    74.4   347.0   382.4   509.0   584.0   696.1   784.2   850.6   910.2   979.7  1091.1  1351.4  6420.1 111886.1   195000  1746483033700  1746483038889
read      560.7   200.9    86.8   341.7   375.5   488.6   559.2   693.6   774.1   832.4   884.0   939.7  1045.2  1243.5  3142.6 115461.4   200000  1746483040393  1746483045583
read      541.2   202.9    74.4   324.6   355.4   468.5   550.6   689.5   752.4   799.6   846.3   904.3  1002.3  1181.1  5138.9 119568.5   205000  1746483047087  1746483052274
read      553.7   205.7    74.4   322.0   359.1   486.6   570.7   684.3   755.8   814.0   867.0   932.5  1059.2  1358.1  4006.6 116894.4   210000  1746483053778  1746483058967
read      549.2   227.0    63.8   299.1   341.1   484.9   584.9   682.1   741.3   796.2   853.4   926.1  1082.9  2086.6  5082.1 117728.6   215000  1746483060472  1746483065658
read      546.2   233.6    80.4   304.8   345.4   474.1   580.0   690.6   750.6   800.3   850.8   916.4  1052.3  1861.9  6234.1 118334.5   220000  1746483067163  1746483072350
Warning! Detected max cpu usage > 95%
CPU Usage Stats (avg/min/max): 85.30%,41.21%,100.00%
