#type       avg     std     min      p5     p10     p50     p67     p75     p80     p85     p90     p95     p99    p999   p9999      QPS   target       ts_start         ts_end
read      192.3    74.8    68.9   104.4   115.6   189.3   210.4   222.3   231.1   241.8   255.4   280.6   345.4  1011.1  1923.7   4997.8     5000  1746483838243  1746483843447
read      218.2    91.9    63.8   114.1   134.2   215.9   238.8   251.9   261.9   273.0   289.5   315.6   381.4  1014.9  2174.6  10012.6    10000  1746483844952  1746483850151
read      235.4   261.7    63.8   116.5   136.0   228.9   255.6   270.1   280.5   292.9   309.8   336.2   396.5  1625.3 11710.2  15056.8    15000  1746483851654  1746483856826
read      222.6    92.9    59.1   113.1   127.9   222.2   250.2   265.5   275.5   289.1   305.6   332.3   393.4   539.0  2362.5  19949.8    20000  1746483858330  1746483863500
read      231.6    90.6    59.1   113.3   127.4   231.9   264.2   281.2   293.3   308.0   325.9   354.7   414.8   514.0  3454.9  25108.2    25000  1746483865003  1746483870174
read      233.1    92.6    63.8   112.5   125.8   233.3   268.3   286.5   298.9   314.1   333.3   362.6   424.3   553.8  3282.3  30060.8    30000  1746483871678  1746483876848
read      244.3   229.4    63.8   112.9   126.3   239.0   279.1   298.9   313.1   329.3   348.9   380.3   449.0   794.8 10930.0  34983.6    35000  1746483878352  1746483883521
read      247.8   101.5    68.9   113.2   127.3   247.3   291.5   313.3   328.4   345.0   367.0   398.5   466.2   585.5  2322.0  39933.6    40000  1746483885025  1746483890193
read      249.1   213.6    68.9   111.5   124.6   242.2   291.1   314.6   330.9   349.1   372.3   406.8   473.6   625.3 12062.6  45023.4    45000  1746483891697  1746483896867
read      238.3    98.7    68.9   110.5   122.7   230.4   281.0   305.5   321.6   340.8   364.5   398.5   467.0   583.7  2285.8  50045.2    50000  1746483898371  1746483903543
read      240.1   107.3    68.9   109.5   121.4   230.2   283.7   309.8   327.4   346.7   371.7   407.8   479.4   592.2  2306.6  55075.8    55000  1746483905048  1746483910217
read      241.4   114.4    59.1   109.0   121.0   228.5   283.2   310.2   328.9   350.0   376.0   415.9   498.1   924.6  2525.1  59714.4    60000  1746483911721  1746483916893
read      238.4   101.3    68.9   108.8   120.9   224.6   279.6   308.1   327.5   349.3   375.4   414.6   489.3   593.5  1830.4  64772.0    65000  1746483918398  1746483923569
read      238.7   116.6    68.9   108.0   119.9   221.5   278.7   308.8   329.0   351.5   379.6   420.8   499.8   656.3  3390.6  70195.5    70000  1746483925072  1746483930242
read      245.1   111.1    68.9   110.1   123.2   228.6   285.2   315.5   336.6   360.6   390.1   431.9   510.6   648.1  2595.9  74827.7    75000  1746483931747  1746483936918
read      235.3   104.2    68.9   108.3   120.4   217.2   272.6   302.8   323.5   347.2   375.5   417.7   496.5   616.0  1992.7  80189.4    80000  1746483938421  1746483943590
read      242.7   112.4    68.9   110.0   123.3   224.6   279.1   310.1   331.9   356.6   387.0   430.2   511.9   681.7  2546.2  85166.4    85000  1746483945094  1746483950264
read      241.3   103.7    68.9   111.5   124.8   223.3   277.0   307.9   329.5   354.2   384.3   427.3   507.9   642.0  1236.8  89836.2    90000  1746483951768  1746483956940
read      240.7   107.4    68.9   111.1   124.7   222.5   274.9   305.3   326.6   351.4   381.8   425.9   509.5   679.4  2389.8  95135.2    95000  1746483958443  1746483963612
read      248.6   112.6    63.8   113.4   128.8   231.1   284.5   314.2   335.7   360.6   391.5   435.6   528.3   682.8  3041.9  99944.7   100000  1746483965116  1746483970284
read      250.8   104.7    63.8   116.3   132.3   233.3   285.8   315.8   337.5   362.6   393.9   438.9   529.3   664.2  1176.8 104797.2   105000  1746483971787  1746483976959
read      256.1   108.5    63.8   120.0   136.9   239.3   291.5   320.5   341.7   366.6   397.5   443.1   536.6   675.0  2054.6 110028.9   110000  1746483978462  1746483983634
read      260.5   112.0    68.9   122.5   140.4   243.1   294.8   323.9   345.1   370.6   402.0   450.4   545.6   721.8  2934.4 115153.8   115000  1746483985138  1746483990307
read      304.1   130.4    68.9   137.2   159.7   284.2   342.1   375.0   400.0   431.1   472.3   543.0   684.6   865.5  2025.9 119882.2   120000  1746483991812  1746483996984
read      545.0   197.6    93.8   322.2   355.6   480.0   555.4   669.6   743.0   801.2   854.9   920.5  1022.9  1178.1  3719.1 117458.0   125000  1746483998488  1746484003666
read      522.2   199.9    80.4   302.4   339.0   455.8   528.9   654.3   725.6   778.2   827.0   880.4   982.6  1174.3  4387.2 121724.4   130000  1746484005171  1746484010342
read      435.5   203.1    74.4   185.5   218.6   409.4   468.9   503.2   535.2   592.6   753.9   870.0   998.7  1157.1  2607.0 125590.5   135000  1746484011847  1746484017021
read      539.9   200.8    93.8   318.2   350.8   471.6   559.5   677.5   740.7   791.8   843.0   905.9  1009.2  1185.6  3963.7 119723.6   140000  1746484018525  1746484023700
read      541.0   206.9    86.8   323.4   354.8   468.7   549.6   679.6   747.1   797.8   846.6   907.1  1008.8  1306.8  5360.8 119571.8   145000  1746484025203  1746484030376
read      571.3   208.2    86.8   347.1   379.4   500.7   574.0   693.5   780.1   842.2   899.2   965.5  1076.2  1243.5  4409.7 113365.6   150000  1746484031880  1746484037052
read      492.9   183.7   101.3   288.4   316.0   424.4   546.3   640.0   681.3   718.7   756.9   807.5   936.7  1128.5  3690.2 131140.9   155000  1746484038556  1746484043731
read      581.7   223.4    86.8   346.4   384.5   512.8   581.0   676.1   783.2   860.5   922.8   992.9  1095.9  1308.8  6691.1 111330.6   160000  1746484045236  1746484050405
read      562.7   209.6   101.3   338.6   373.1   493.4   565.3   681.1   767.7   831.0   886.6   948.8  1064.8  1266.1  4956.3 115100.0   165000  1746484051910  1746484057082
read      510.8   188.4    86.8   305.2   334.5   441.4   528.6   649.7   708.2   755.1   798.4   853.5   942.6  1143.7  3841.1 126565.8   170000  1746484058586  1746484063761
read      552.6   209.6    80.4   325.8   358.5   487.0   569.2   679.3   751.0   808.0   862.3   929.8  1049.3  1271.1  4849.6 117122.9   175000  1746484065266  1746484070438
read      532.0   196.7    93.8   307.3   337.6   475.4   555.7   646.3   705.9   765.5   837.0   920.4  1036.1  1203.1  2967.1 121622.2   180000  1746484071942  1746484077115
read      552.4   206.9    80.4   322.6   355.3   487.4   568.3   674.1   745.0   809.1   870.7   940.2  1064.0  1252.9  4496.0 117196.4   185000  1746484078619  1746484083796
read      496.9   186.2    63.8   296.4   323.5   424.7   532.8   649.7   697.1   734.0   773.4   820.2   918.1  1143.7  3818.9 130054.8   190000  1746484085298  1746484090468
read      572.8   210.7   101.3   349.0   382.1   502.1   571.9   681.2   778.5   846.9   905.6   973.2  1083.4  1277.5  4651.0 113114.1   195000  1746484091971  1746484097147
read      551.2   208.3    93.8   332.3   364.8   479.9   552.0   685.0   759.7   815.5   864.4   924.8  1019.0  1200.6  4734.2 117444.5   200000  1746484098651  1746484103826
read      566.8   212.3    93.8   346.4   378.3   493.2   563.5   691.9   780.2   840.9   894.7   954.1  1067.5  1304.6  4634.0 114216.2   205000  1746484105329  1746484110499
read      501.5   195.7    93.8   293.4   322.9   436.9   528.4   627.3   684.8   732.3   781.6   846.8   969.4  1143.6  5099.6 128929.5   210000  1746484112003  1746484117174
read      495.2   181.8    80.4   296.5   323.2   422.7   535.1   651.2   696.6   731.5   769.3   811.6   913.0  1092.0  3291.3 130506.9   215000  1746484118678  1746484123851
read      491.9   180.4    86.8   292.9   321.8   422.5   518.9   638.7   689.0   728.0   768.3   813.9   912.0  1109.8  3503.0 131385.1   220000  1746484125356  1746484130530
Warning! Detected max cpu usage > 95%
CPU Usage Stats (avg/min/max): 60.05%,0.00%,100.00%
