#type       avg     std     min      p5     p10     p50     p67     p75     p80     p85     p90     p95     p99    p999   p9999      QPS   target       ts_start         ts_end
read      195.4    80.0    68.9   109.2   122.9   192.2   211.9   222.8   231.2   241.6   255.0   278.2   341.7  1007.8  2617.7   4988.6     5000  1746486288055  1746486293262
read      200.2    76.0    68.9   111.2   126.7   197.8   217.0   228.4   235.9   247.7   262.6   287.0   344.4   974.5  2317.4   9981.4    10000  1746486294766  1746486299964
read      211.5    65.4    68.9   113.1   129.8   210.2   232.3   245.4   254.5   267.5   283.9   310.7   368.9   629.4  1555.3  15027.9    15000  1746486301468  1746486306636
read      221.5    89.5    68.9   116.5   133.4   220.2   246.3   260.8   270.9   283.7   299.4   326.9   391.4   619.1  2994.0  19936.8    20000  1746486308140  1746486313308
read      229.2   233.2    59.1   113.9   128.9   225.5   253.7   268.7   279.3   292.3   309.7   337.1   400.8   873.7 12118.6  24998.4    25000  1746486314813  1746486319981
read      228.8   215.5    63.8   111.7   125.4   225.7   256.0   271.8   283.5   296.1   314.5   343.0   406.3   669.2 11516.6  29977.6    30000  1746486321485  1746486326652
read      227.6   100.0    63.8   112.5   125.6   227.6   260.3   276.6   289.3   303.9   321.9   352.3   418.0   618.2  2355.8  34905.0    35000  1746486328155  1746486333322
read      222.9    78.2    63.8   110.3   122.2   224.3   258.1   274.8   287.6   301.5   319.1   346.3   405.8   500.1  1101.8  39845.2    40000  1746486334826  1746486339995
read      226.9    90.9    59.1   110.3   122.3   226.5   264.1   282.4   294.8   310.2   329.1   359.2   422.6   550.4  2956.9  44858.0    45000  1746486341498  1746486346667
read      222.8    81.9    63.8   108.9   119.9   220.9   260.6   279.9   293.5   309.8   329.9   361.1   425.3   512.2  1019.1  49991.2    50000  1746486348171  1746486353344
read      224.1    93.2    63.8   107.8   119.0   220.6   262.5   282.4   295.8   312.5   333.5   365.8   432.8   559.9  2854.3  54992.2    55000  1746486354848  1746486360018
read      224.6   170.3    63.8   107.0   117.9   216.2   262.1   283.5   297.7   314.9   336.6   369.4   439.9   576.8 11113.9  59982.4    60000  1746486361523  1746486366693
read      224.4    91.1    63.8   106.6   117.5   214.0   263.6   287.2   303.3   321.0   344.6   382.0   463.0   582.2  1050.0  64949.4    65000  1746486368196  1746486373364
read      221.1   105.3    63.8   105.3   115.9   210.6   261.4   284.8   300.3   318.0   340.4   372.6   437.3   545.9  1494.9  70118.6    70000  1746486374868  1746486380045
read      223.1    94.9    59.1   105.9   117.0   210.6   262.8   287.2   303.5   321.2   344.3   378.6   450.2   584.8  2240.7  74886.8    75000  1746486381548  1746486386717
read      219.0   100.0    59.1   104.8   115.4   205.1   258.3   283.1   299.3   317.5   340.4   373.0   439.5   548.3  1040.0  79926.4    80000  1746486388220  1746486393388
read      214.1    90.4    63.8   103.8   113.9   197.3   251.2   276.6   293.4   312.2   335.6   369.6   437.2   568.2  1858.0  85189.8    85000  1746486394891  1746486400061
read      216.4   104.8    59.1   103.7   114.1   199.0   253.5   279.8   296.8   315.9   339.5   373.6   449.8   587.0  2246.6  89753.4    90000  1746486401564  1746486406733
read      216.8    93.6    63.8   104.0   114.5   199.1   254.1   281.0   298.2   317.5   341.2   375.9   451.5   578.0  1176.7  94798.5    95000  1746486408236  1746486413405
read      211.5    87.4    63.8   104.9   115.1   192.4   244.0   271.7   290.0   310.0   334.2   369.3   436.8   543.9   949.9 100126.1   100000  1746486414909  1746486420078
read      215.0    96.3    63.8   105.6   116.2   194.7   247.0   275.1   293.9   314.5   339.4   374.4   456.8   636.8  2366.8 104810.2   105000  1746486421582  1746486426751
read      208.0    87.3    63.8   105.3   115.3   186.6   235.3   264.5   284.1   305.5   330.7   367.5   438.8   594.8   997.3 109719.0   110000  1746486428256  1746486433424
read      218.5    90.8    68.9   109.2   119.9   198.3   249.0   277.9   297.2   318.5   344.2   382.4   461.6   607.6  1071.9 115204.6   115000  1746486434928  1746486440097
read      217.5    94.2    63.8   109.7   120.7   198.1   247.1   275.2   294.6   315.9   341.2   376.3   452.8   590.9  1326.5 119820.0   120000  1746486441600  1746486446770
read      214.7    99.4    63.8   108.9   119.7   194.5   241.7   269.8   289.1   310.4   335.6   371.9   454.4   653.0  4081.4 124804.6   125000  1746486448274  1746486453445
read      221.1    92.0    63.8   111.5   123.4   202.1   250.1   277.5   296.7   318.0   343.7   382.0   462.4   640.5  1838.5 130148.3   130000  1746486454948  1746486460116
read      218.6    97.0    68.9   112.0   123.7   198.7   243.4   270.3   289.6   311.5   338.6   378.4   469.1   775.6  1924.0 134874.2   135000  1746486461621  1746486466792
read      226.2    87.9    68.9   115.6   129.0   209.8   255.5   281.4   299.7   320.1   345.6   384.8   465.5   626.3  1179.1 140116.6   140000  1746486468295  1746486473463
read      215.1    89.4    68.9   112.9   124.9   195.9   236.6   263.0   282.0   304.2   331.5   371.5   463.2   685.6  1904.9 144990.8   145000  1746486474968  1746486480137
read      239.3   106.2    68.9   119.7   133.6   218.5   267.0   295.3   315.9   340.2   371.0   420.1   530.0   759.0  2470.6 150018.8   150000  1746486481640  1746486486811
read      249.6   105.5    63.8   124.4   139.8   230.3   279.3   307.5   327.7   352.0   383.6   433.1   548.0   768.2  2017.6 155056.4   155000  1746486488315  1746486493485
read      235.7   100.3    68.9   120.8   135.1   217.0   261.3   287.5   306.8   329.8   359.7   405.1   517.0   783.0  2247.8 160173.5   160000  1746486494989  1746486500157
read      249.5    96.5    68.9   131.5   147.8   234.0   276.8   301.4   318.9   340.6   368.6   412.8   519.6   834.0  1735.8 165067.8   165000  1746486501661  1746486506830
read      241.9   192.8    68.9   129.1   144.3   224.6   263.7   286.7   303.8   324.1   351.4   395.2   497.0   831.3 11764.1 169867.8   170000  1746486508334  1746486513507
read      310.9   149.3    63.8   141.5   161.6   279.4   343.1   386.0   419.5   459.9   510.0   582.8   719.0   914.2  1744.7 172240.4   175000  1746486515010  1746486520178
read      307.3   155.6    68.9   160.4   182.1   290.6   339.3   367.9   389.4   414.9   448.9   502.4   624.8   957.9  6386.3 179004.8   180000  1746486521682  1746486526852
read      266.4   138.3    74.4   142.6   160.6   249.9   292.0   316.6   335.7   359.0   390.3   440.4   563.7   889.7  1814.6 183394.2   185000  1746486528357  1746486533527
read      287.7   146.1    68.9   161.6   182.9   277.4   315.2   337.1   353.1   372.4   399.0   440.8   541.9   751.1  6163.5 189950.0   190000  1746486535032  1746486540201
read      362.2   148.1    74.4   185.7   213.3   335.6   391.9   429.4   460.7   501.0   552.7   629.6   770.5  1003.5  3159.7 172589.5   195000  1746486541705  1746486546875
read      342.1   140.1    74.4   176.3   203.2   318.9   372.6   408.8   437.3   472.4   516.9   579.6   692.9   871.5  3369.2 182796.8   200000  1746486548378  1746486553549
read      357.6   128.7    80.4   185.9   213.7   344.9   399.0   429.9   452.9   479.6   514.7   570.9   687.9   912.8  2334.4 178573.8   205000  1746486555052  1746486560223
read      363.1   162.6    80.4   187.0   216.2   338.6   392.5   428.7   459.0   497.9   547.7   620.9   745.5   942.0  4212.0 176516.6   210000  1746486561727  1746486566896
read      359.7   149.3    80.4   187.4   216.0   334.8   389.4   425.8   456.1   494.2   543.0   614.8   740.9   923.7  3448.8 177726.6   215000  1746486568401  1746486573570
read      348.7   138.9    74.4   186.3   213.7   339.5   388.0   414.7   433.9   458.2   489.5   539.7   651.0   871.5  3351.8 184265.5   220000  1746486575074  1746486580243
Warning! Detected max cpu usage > 95%
CPU Usage Stats (avg/min/max): 57.87%,0.50%,100.00%
