time,          CPUtotal, CPU0, CPU1, CPU2
1746719904908, 13.072, 24.421, 19.482, 3.636
1746719905928, 1.228, .980, 1.960, 0
1746719906946, .982, .990, 0, 0
1746719907965, 1.228, 1.941, 1.960, 0
1746719908984, 1.228, 0, 1.960, 1.960
1746719910003, 1.225, 0, .980, 1.941
1746719911021, 1.231, 2.912, 0, .980
1746719912040, .738, .990, 1.941, .980
1746719913059, .740, .980, .990, 1.941
1746719914078, 1.228, .990, 0, 0
1746719915097, .738, 0, 2.912, 0
1746719916117, .980, .980, .980, 0
1746719917137, 1.228, 1.960, .980, 1.941
1746719918156, .737, 0, 1.960, 0
1746719919176, 1.231, 1.960, 0, .990
1746719920195, .985, .980, 2.884, 0
1746719921214, .985, 1.960, .990, 0
1746719922233, 1.222, 0, 1.960, 1.941
1746719923255, 1.228, .980, 0, .980
1746719924273, .987, 0, 1.960, .990
1746719925292, .995, 1.980, 1.980, .980
1746719926310, 1.288, 1.052, 1.075, 0
1746719927330, 1.028, 2.083, 1.063, 1.000
1746719928350, 1.799, 1.063, 2.127, 1.000
1746719929369, 1.030, 2.083, 1.063, 0
1746719930390, 1.522, 1.030, 1.052, 2.941
1746719931410, 1.225, .980, 1.960, .990
1746719932428, 1.030, 2.083, 2.083, 1.000
1746719933450, 1.574, 1.098, 2.173, 0
1746719934470, 1.832, 2.150, 1.098, 2.020
1746719935491, 1.319, 2.150, 3.225, 2.040
1746719936512, 1.578, 2.173, 1.098, 1.020
1746719937542, 1.492, 1.000, 1.010, 1.000
1746719938561, 1.485, 1.000, 1.980, 1.960
1746719939582, 1.861, 2.222, 1.136, 1.020
1746719940603, 1.876, 3.333, 3.333, 1.020
1746719941624, 1.072, 1.123, 1.136, 1.010
1746719942646, 1.336, 1.123, 1.136, 1.020
1746719943667, 1.319, 3.225, 2.173, 0
1746719944686, .982, 0, .980, 1.960
1746719945706, 1.295, 1.075, 3.157, 1.000
1746719946727, 2.439, 5.555, 2.352, 2.040
1746719947749, 1.907, 1.190, 2.298, 0
1746719948771, 1.907, 4.494, 3.448, 2.040
1746719949794, 1.897, 2.298, 2.325, 0
1746719950817, 2.290, 2.083, 2.083, 2.941
1746719951837, .982, .990, 0, .990
1746719952856, 3.571, 5.813, 5.813, 2.061
1746719953881, 2.754, 5.813, 2.380, 1.041
1746719954903, 2.228, 2.409, 4.705, 1.041
1746719955927, 3.021, 4.705, 4.705, 3.061
1746719956949, 3.825, 5.882, 5.813, 0
1746719957970, .738, 1.941, 0, .980
1746719958989, 2.577, 3.191, 4.166, 2.000
1746719960013, 4.189, 6.097, 7.142, 1.063
1746719961036, 5.027, 8.235, 7.142, 3.157
1746719962060, 4.178, 8.235, 7.058, 2.083
1746719963084, 3.631, 4.878, 4.819, 1.052
1746719964106, 1.842, 3.225, 4.301, 1.030
1746719965126, .982, 0, .980, .970
1746719966147, 6.267, 10.344, 10.344, 2.127
1746719967171, 5.099, 8.433, 8.433, 2.127
1746719968194, 4.802, 9.523, 8.333, 1.075
1746719969217, 5.322, 9.638, 9.523, 2.127
1746719970241, 5.099, 7.407, 7.317, 4.210
1746719971265, 1.237, 2.912, 1.980, 0
1746719972284, 3.544, 3.157, 5.102, 2.970
1746719973309, 6.267, 10.975, 13.095, 2.150
1746719974334, 6.534, 12.048, 9.876, 1.075
1746719975358, 6.760, 10.975, 10.975, 2.127
1746719976382, 7.584, 15.294, 14.942, 2.150
1746719977407, 4.569, 7.777, 5.747, 2.061
1746719978426, .982, 0, .980, 0
1746719979445, 9.090, 18.085, 16.129, 3.125
1746719980472, 10.924, 16.867, 17.857, 4.255
1746719981496, 8.781, 17.647, 15.662, 3.191
1746719982522, 10.084, 19.047, 16.470, 2.127
1746719983547, 9.348, 18.072, 15.853, 3.225
1746719984573, 2.992, 5.000, 3.030, 1.980
1746719985593, 3.015, 4.040, 5.000, 1.980
1746719986620, 13.611, 27.272, 22.619, 2.173
1746719987645, 14.285, 26.666, 27.472, 4.255
1746719988672, 12.146, 23.809, 18.292, 4.255
1746719989699, 11.864, 24.705, 17.283, 3.260
1746719990724, 9.189, 16.483, 15.555, 4.166
1746719991742, .982, 0, 0, 0
1746719992761, 10.789, 20.833, 18.947, 3.092
1746719993789, 14.887, 29.885, 24.096, 4.210
1746719994815, 14.647, 29.069, 25.882, 4.166
1746719995842, 14.845, 26.190, 25.882, 4.210
1746719996869, 15.363, 28.735, 26.436, 3.191
1746719997895, 4.282, 8.080, 6.185, 1.000
1746719998914, 2.233, 2.970, 2.970, 2.941
1746719999942, 18.801, 35.164, 35.164, 4.255
1746720000970, 22.580, 40.217, 38.043, 6.250
1746720001997, 20.485, 38.043, 38.043, 3.225
1746720003026, 20.380, 38.043, 34.831, 6.250
1746720004053, 15.633, 27.777, 28.571, 4.166
1746720005072, .740, 0, 1.960, 0
1746720006093, 14.248, 23.711, 23.711, 7.142
1746720007121, 21.487, 42.391, 34.883, 4.347
1746720008148, 21.428, 38.888, 38.888, 4.301
1746720009177, 22.404, 39.772, 40.860, 5.376
1746720010205, 20.612, 41.111, 35.294, 3.260
1746720011232, 8.101, 13.265, 11.340, 3.030
1746720012250, 1.234, 1.960, .990, 2.912
1746720013277, 25.543, 47.368, 45.161, 3.260
1746720014305, 24.175, 42.528, 43.617, 7.368
1746720015335, 23.626, 45.161, 39.772, 3.296
1746720016364, 24.863, 46.808, 42.391, 4.301
1746720017392, 20.652, 39.130, 34.444, 4.255
1746720018411, .982, 1.941, 1.960, .990
1746720019430, 14.285, 28.846, 22.448, 3.092
1746720020460, 29.866, 57.000, 46.153, 6.521
1746720021493, 28.301, 57.000, 45.555, 4.395
1746720022523, 27.371, 54.081, 43.820, 6.451
1746720023553, 29.411, 58.415, 45.555, 6.451
1746720024583, 12.311, 23.300, 19.191, 1.030
1746720025602, 1.228, .990, .980, 1.960
1746720026623, 30.376, 56.862, 50.000, 6.818
1746720027655, 31.099, 58.585, 51.546, 4.705
1746720028686, 31.351, 57.731, 50.000, 6.896
1746720029717, 29.810, 56.122, 47.311, 8.888
1746720030747, 29.569, 52.577, 47.311, 7.954
1746720031766, .982, .990, 0, .990
1746720032786, 13.010, 27.184, 21.212, 3.191
1746720033818, 33.957, 64.356, 54.736, 8.139
1746720034852, 34.828, 62.376, 57.575, 9.302
1746720035884, 33.597, 64.000, 54.166, 8.139
1746720036917, 34.828, 63.725, 56.122, 8.235
1746720037946, 15.696, 28.000, 24.489, 3.191
1746720038965, .982, 1.941, .980, 0
1746720039985, 30.563, 61.386, 51.041, 5.555
1746720041015, 38.701, 72.897, 58.762, 7.777
1746720042048, 37.239, 71.296, 58.333, 5.617
1746720043080, 37.631, 73.584, 59.375, 4.545
1746720044110, 37.075, 69.607, 57.731, 6.741
1746720045130, .740, 1.941, .990, .970
1746720046150, 14.646, 29.126, 23.762, 4.210
1746720047184, 42.857, 81.308, 62.244, 12.941
1746720048220, 39.257, 75.238, 60.000, 9.411
1746720049255, 39.686, 75.700, 59.793, 9.523
1746720050291, 39.686, 75.000, 60.606, 10.588
1746720051324, 21.212, 41.346, 29.292, 4.395
1746720052343, .738, 0, 1.941, 0
1746720053362, 34.828, 62.135, 59.803, 4.210
1746720054395, 42.592, 74.285, 70.408, 7.446
1746720055430, 42.297, 74.528, 69.306, 4.301
1746720056467, 44.270, 76.923, 70.707, 6.451
1746720057503, 43.342, 74.038, 72.115, 5.376
1746720058527, 1.228, 1.960, 1.941, 1.941
1746720059547, 14.572, 28.155, 23.762, 1.052
1746720060582, 47.135, 85.849, 72.727, 12.222
1746720061625, 50.526, 96.226, 75.510, 10.227
1746720062662, 48.062, 87.962, 73.786, 9.195
1746720063703, 45.454, 83.486, 72.000, 6.818
1746720064739, 23.441, 41.346, 39.047, 5.208
1746720065759, .737, 1.960, .980, 0
1746720066780, 42.780, 80.582, 66.000, 9.411
1746720067817, 51.329, 94.339, 77.000, 11.904
1746720068859, 49.736, 88.679, 76.000, 12.643
1746720069895, 52.941, 97.142, 79.807, 10.843
1746720070932, 50.656, 89.423, 76.000, 12.790
1746720071952, .985, 1.941, 0, 1.960
1746720072974, 17.005, 31.372, 29.807, 5.319
1746720074012, 51.715, 86.666, 82.692, 15.476
1746720075050, 53.457, 93.269, 81.553, 16.049
1746720076090, 52.493, 90.566, 80.000, 15.853
1746720077133, 50.395, 83.809, 81.553, 11.111
1746720078175, 26.500, 40.776, 46.153, 7.526
1746720079194, .740, .980, .990, .980
1746720080214, 46.133, 81.904, 72.897, 9.876
1746720081258, 54.830, 93.457, 83.018, 14.634
1746720082302, 55.291, 95.327, 84.761, 11.392
1746720083342, 54.907, 99.038, 80.188, 15.853
1746720084380, 53.562, 92.307, 80.198, 13.580
1746720085400, .982, .990, .980, .980
1746720086420, 21.012, 38.235, 35.576, 6.185
1746720087458, 56.878, 98.113, 92.307, 8.139
1746720088498, 54.545, 95.283, 84.905, 10.227
1746720089533, 55.145, 96.153, 88.461, 10.227
1746720090574, 57.512, 99.029, 89.423, 11.235
1746720091611, 24.060, 44.117, 36.274, 5.208
1746720092630, 1.228, 1.941, .990, 0
1746720093651, 51.063, 86.274, 87.500, 10.112
1746720094690, 56.217, 94.339, 90.654, 10.344
1746720095728, 57.772, 97.169, 94.339, 10.465
1746720096765, 57.474, 96.226, 93.457, 13.483
1746720097800, 53.684, 93.269, 85.714, 9.523
1746720098820, 1.228, 1.960, 0, .990
1746720099840, 21.882, 38.834, 37.864, 7.142
1746720100882, 59.366, 100.000, 93.396, 12.941
1746720101920, 57.631, 99.047, 90.566, 8.433
1746720102957, 62.239, 99.047, 92.380, 18.181
1746720103996, 58.666, 100.000, 93.396, 9.756
1746720105034, 26.130, 44.230, 40.196, 6.315
1746720106052, 1.228, 1.960, .980, 1.960
1746720107073, 51.206, 85.436, 85.714, 9.411
1746720108112, 61.170, 99.047, 98.058, 11.904
1746720109153, 61.702, 100.000, 99.047, 14.285
1746720110191, 60.533, 98.076, 99.047, 11.764
1746720111229, 57.631, 92.233, 93.137, 10.588
1746720112249, .982, 0, .990, .980
1746720113268, 21.938, 40.384, 39.423, 5.319
1746720114307, 59.102, 100.000, 95.238, 14.457
1746720115343, 58.421, 100.000, 95.145, 14.117
1746720116380, 59.210, 100.000, 95.283, 12.195
1746720117417, 58.900, 100.000, 95.192, 18.181
1746720118454, 26.184, 43.689, 42.857, 6.382
1746720119473, .738, .980, .980, .980
1746720120494, 52.741, 91.262, 87.500, 7.777
1746720121535, 57.591, 100.000, 94.285, 9.890
1746720122570, 59.259, 99.047, 98.076, 6.896
1746720123608, 60.732, 100.000, 100.000, 12.087
1746720124643, 56.052, 94.117, 93.137, 9.890
1746720125664, 1.225, .980, .980, .990
1746720126684, 23.797, 41.346, 40.776, 5.208
1746720127722, 61.213, 100.000, 99.038, 13.333
1746720128761, 61.780, 100.000, 100.000, 10.465
1746720129801, 61.052, 100.000, 99.038, 9.195
1746720130841, 61.780, 99.038, 99.047, 12.500
1746720131878, 26.184, 42.718, 41.584, 7.142
1746720132896, 1.719, 1.980, .980, .990
1746720133917, 52.116, 87.619, 86.792, 15.476
1746720134955, 61.096, 99.038, 99.038, 20.000
1746720135993, 60.789, 99.047, 99.056, 18.072
1746720137031, 59.326, 97.142, 96.190, 19.540
1746720138068, 56.476, 92.307, 91.428, 16.470
1746720139087, .985, .980, .990, .970
1746720140107, 23.291, 40.776, 40.384, 5.263
1746720141144, 61.818, 99.038, 100.000, 17.977
1746720142184, 60.582, 100.000, 100.000, 14.606
1746720143222, 61.052, 99.047, 99.038, 14.117
1746720144259, 61.538, 100.000, 100.000, 14.117
1746720145297, 25.750, 42.718, 41.747, 5.319
1746720146315, 1.477, .990, .990, .990
1746720147335, 54.594, 91.262, 90.291, 13.580
1746720148374, 61.741, 99.038, 100.000, 17.857
1746720149413, 61.213, 100.000, 99.038, 14.634
1746720150451, 61.578, 100.000, 100.000, 20.000
1746720151486, 56.052, 91.346, 90.384, 15.294
1746720152505, .982, 1.941, 0, .990
1746720153525, 23.155, 40.594, 40.776, 4.210
1746720154561, 60.000, 99.056, 100.000, 13.333
1746720155600, 59.431, 99.047, 98.095, 11.235
1746720156637, 59.055, 99.038, 100.000, 11.235
1746720157676, 59.580, 100.000, 99.047, 12.359
1746720158712, 25.500, 42.718, 42.718, 3.191
1746720159730, .738, .990, 0, .980
1746720160751, 55.733, 90.291, 91.262, 19.101
1746720161790, 61.052, 100.000, 99.038, 14.117
1746720162827, 61.111, 100.000, 100.000, 17.441
1746720163865, 61.052, 100.000, 100.000, 14.772
1746720164902, 56.200, 92.380, 92.307, 12.790
1746720165921, .738, 0, 0, .990
1746720166941, 23.664, 41.747, 41.747, 7.368
1746720167980, 60.477, 100.000, 100.000, 14.285
1746720169020, 60.533, 100.000, 99.047, 12.658
1746720170059, 60.477, 100.000, 100.000, 13.253
1746720171097, 61.315, 99.047, 100.000, 17.857
1746720172133, 25.062, 41.584, 41.747, 5.319
1746720173152, .738, 0, 0, 1.941
1746720174174, 55.376, 92.307, 92.307, 17.283
1746720175212, 61.578, 100.000, 100.000, 19.512
1746720176251, 62.368, 100.000, 100.000, 21.686
1746720177291, 61.111, 100.000, 100.000, 17.283
1746720178329, 56.728, 91.346, 90.291, 17.500
1746720179348, .980, 1.960, 0, .980
1746720180369, 24.615, 42.718, 42.718, 6.521
1746720181412, 62.631, 99.056, 99.047, 18.823
1746720182457, 61.904, 100.000, 99.056, 16.470
1746720183500, 61.477, 99.047, 99.047, 13.414
1746720184547, 62.005, 100.000, 100.000, 12.195
1746720185588, 23.880, 38.461, 37.254, 7.291
1746720186608, .738, .990, .990, .980
1746720187631, 58.152, 96.116, 95.238, 10.000
1746720188676, 61.942, 100.000, 100.000, 7.954
1746720189720, 61.741, 100.000, 100.000, 10.112
1746720190763, 63.020, 100.000, 100.000, 13.186
1746720191806, 51.958, 85.436, 85.294, 2.298
1746720192825, 1.719, 2.912, .980, 1.980
1746720193847, 27.877, 48.543, 49.514, 6.382
1746720194884, 59.842, 100.000, 100.000, 12.500
1746720195925, 60.209, 100.000, 100.000, 10.588
1746720196965, 60.000, 100.000, 99.047, 13.483
1746720198002, 59.736, 100.000, 100.000, 10.588
1746720199040, 21.287, 34.951, 34.313, 5.102
1746720200059, .985, .980, .990, .980
1746720201081, 58.355, 100.000, 99.029, 11.363
1746720202121, 58.854, 100.000, 100.000, 8.045
1746720203162, 59.114, 99.038, 99.047, 8.988
1746720204202, 59.114, 100.000, 100.000, 10.344
1746720205239, 49.095, 84.466, 84.000, 6.666
1746720206260, 1.228, .980, 1.941, .990
1746720207281, 29.048, 50.485, 50.980, 7.291
1746720208322, 60.949, 99.047, 99.056, 11.363
1746720209365, 60.846, 100.000, 100.000, 11.235
1746720210404, 60.789, 100.000, 100.000, 10.227
1746720211445, 62.077, 100.000, 100.000, 13.333
1746720212482, 20.443, 32.352, 32.038, 6.930
1746720213503, 1.719, 3.883, 2.912, 2.912
1746720214547, 61.417, 100.000, 100.000, 11.627
1746720215587, 60.104, 100.000, 100.000, 9.411
1746720216626, 60.158, 100.000, 100.000, 10.588
1746720217665, 60.000, 99.047, 100.000, 9.302
1746720218702, 47.012, 79.807, 78.431, 6.818
1746720219721, 1.228, 0, .980, 0
1746720220741, .985, 1.941, .990, 1.941
1746720221763, 1.466, .980, 1.941, .980
1746720222782, 1.225, .980, 1.960, .980
1746720223803, .985, 1.941, .980, 0
1746720224822, .738, 0, .990, .980
1746720225843, 1.225, .980, .980, .980
1746720226864, .982, .980, 0, .980
1746720227885, .737, .980, 1.960, .980
1746720228905, .985, .980, 1.941, 0
1746720229925, .738, .980, .990, .980
1746720230945, 1.715, .980, .990, .980
1746720231966, 1.225, .990, .980, 0
1746720232985, .982, .980, .980, .980
1746720234005, 1.474, 1.960, 1.960, 1.960
1746720235025, .982, .980, .980, 0
1746720236045, .982, .980, .990, 1.941
1746720237066, .982, .990, .980, 0
1746720238085, .982, 0, 1.960, 0
1746720239105, 1.225, 1.941, 0, 1.941
1746720240125, .982, 0, .980, .980
1746720241145, 1.474, 1.941, 3.883, 1.941
1746720242166, .737, 0, 0, .970
1746720243186, .982, .980, .980, 0
1746720244207, 1.225, 0, .980, 1.960
1746720245227, .738, .990, 1.960, 0
1746720246248, .982, 1.941, 1.941, .980
1746720247268, 1.225, 0, 0, .980
1746720248288, .982, 1.941, .980, .980
1746720249307, .982, .980, 1.941, 0
1746720250328, 1.719, .990, 2.970, 1.941
