#type       avg     std     min      p5     p10     p50     p67     p75     p80     p85     p90     p95     p99    p999   p9999      QPS   target       ts_start         ts_end
read      200.6   230.8    86.8   138.3   148.1   186.5   202.9   213.8   221.5   231.5   246.1   270.9   353.3  2659.8 10156.5   5016.8     5000  1746719924821  1746719930079
read      204.9    74.2    80.4   136.9   150.3   198.0   217.8   229.8   238.2   249.8   264.6   288.6   353.8   638.1  2471.4   9986.0    10000  1746719931585  1746719936826
read      209.1    70.5    80.4   127.7   143.9   203.8   226.4   238.4   248.2   259.3   273.4   297.7   364.4   706.9  1960.3  15068.8    15000  1746719938331  1746719943532
read      221.6    90.5    74.4   123.9   140.9   218.7   243.8   257.1   267.1   278.1   294.1   318.9   390.2  1038.0  3582.7  20024.8    20000  1746719945037  1746719950236
read      230.5    83.6    80.4   123.0   138.3   229.0   258.1   273.1   284.5   296.7   314.6   342.2   413.8   756.7  2866.9  25030.2    25000  1746719951741  1746719956943
read      228.3    81.8    74.4   119.0   132.8   228.1   259.2   274.5   286.4   299.2   316.9   345.3   410.7   649.1  1851.2  29961.0    30000  1746719958446  1746719963648
read      225.6   102.7    74.4   116.0   128.6   224.0   257.3   273.6   285.7   298.7   316.9   344.8   416.1   742.0  3756.8  34851.0    35000  1746719965152  1746719970352
read      229.5   255.5    74.4   114.1   126.3   224.1   260.1   276.9   289.2   303.1   320.6   351.7   426.4  1270.0 17753.5  40056.3    40000  1746719971856  1746719977057
read      229.7    96.7    74.4   114.1   126.2   227.0   266.4   284.6   296.8   312.3   331.8   363.9   441.8   960.2  2933.6  45068.0    45000  1746719978560  1746719983760
read      230.0    94.5    68.9   112.4   124.1   224.1   269.6   290.2   304.5   320.4   342.0   375.5   457.0   677.0  2663.2  50101.2    50000  1746719985264  1746719990463
read      229.2   100.8    74.4   112.1   123.6   222.7   269.8   290.7   304.8   319.9   340.5   371.2   441.7   703.7  2948.7  55085.4    55000  1746719991967  1746719997171
read      242.2   131.4    68.9   112.2   124.2   227.9   277.6   300.3   316.1   335.8   363.1   413.8   600.6  1503.2  3264.4  60015.8    60000  1746719998676  1746720003883
read      232.0   179.9    74.4   111.8   123.0   218.0   269.6   292.3   307.5   324.1   345.8   383.3   483.2   937.6 11121.8  65037.3    65000  1746720005388  1746720010590
read      229.5   144.0    74.4   112.4   123.8   214.9   268.5   292.2   307.9   325.0   346.0   381.8   470.8   764.8  3241.9  69850.0    70000  1746720012093  1746720017297
read      230.9   102.0    68.9   113.3   125.3   214.7   268.8   293.7   310.3   329.0   352.5   391.8   486.8   759.9  3057.0  75023.4    75000  1746720018801  1746720024011
read      227.9   103.2    74.4   112.7   124.2   208.6   264.1   291.1   308.7   327.9   351.8   390.1   484.9   781.5  1596.4  79812.0    80000  1746720025516  1746720030720
read      228.6   120.4    68.9   112.7   124.2   209.5   264.1   290.9   308.7   328.3   352.5   391.0   486.3   819.5  1981.3  84941.8    85000  1746720032225  1746720037427
read      236.0   117.2    68.9   114.2   126.6   215.8   269.7   296.9   315.4   336.4   363.2   405.6   540.5  1036.8  2957.9  89636.8    90000  1746720038931  1746720044133
read      238.8   122.9    74.4   114.3   126.7   216.5   270.3   298.3   317.6   340.0   369.1   419.1   570.2  1306.6  3025.8  94750.8    95000  1746720045637  1746720050841
read      233.0   106.8    74.4   114.7   127.2   211.1   263.7   292.1   311.8   334.1   362.0   404.5   534.0   954.3  1746.9  99942.2   100000  1746720052345  1746720057549
read      284.7   193.8    68.9   121.3   135.7   240.6   301.8   336.9   364.8   403.0   471.0   601.8  1011.5  1422.0  3747.6 104724.6   105000  1746720059053  1746720064255
read      318.6   215.8    74.4   125.6   141.5   262.0   334.7   384.1   428.5   485.5   559.2   714.0  1068.3  1528.2  4854.1 109917.9   110000  1746720065759  1746720070960
read      277.8   154.8    74.4   125.5   140.7   243.8   302.3   336.1   362.2   395.5   445.3   547.0   806.1  1354.7  3124.8 115106.4   115000  1746720072465  1746720077668
read      325.8   207.0    74.4   132.5   149.9   276.3   348.3   396.7   436.0   486.6   551.9   686.2  1026.8  1598.7  4856.1 120056.1   120000  1746720079172  1746720084373
read      343.5   194.7    74.4   137.5   156.9   298.9   374.6   424.2   463.8   516.2   592.1   718.2   979.6  1406.8  3079.2 123889.0   125000  1746720085877  1746720091082
read      363.1   206.8    74.4   148.1   171.0   317.3   395.9   444.4   481.2   529.1   601.6   751.1  1016.4  1781.3  4262.5 129378.6   130000  1746720092587  1746720097791
read      370.1   195.7    74.4   151.2   175.5   328.4   405.9   459.5   501.4   553.1   620.6   723.9   981.2  1374.1  3408.6 134448.5   135000  1746720099296  1746720104501
read      383.7   192.0    74.4   162.9   190.8   342.2   428.6   477.9   511.8   550.7   606.1   728.9  1025.4  1276.5  3128.2 137806.9   140000  1746720106005  1746720111205
read      367.6   184.9    74.4   154.1   178.4   327.5   397.9   447.7   495.7   562.6   637.9   726.5   870.1  1203.5  3639.4 139482.6   145000  1746720112711  1746720117915
read      441.7   239.0    74.4   177.5   212.1   400.0   496.8   549.6   590.9   645.4   724.2   842.7  1142.5  1598.3  7142.5 135002.4   150000  1746720119420  1746720124621
read      443.1   224.2    80.4   217.5   249.8   404.4   499.5   548.8   582.7   621.4   671.2   752.8  1018.4  1329.9 11799.6 141401.6   155000  1746720126126  1746720131328
read      457.9   223.6    80.4   215.5   249.3   414.3   515.5   567.5   602.8   642.6   696.2   795.2  1109.2  2316.7  4698.2 140459.2   160000  1746720132833  1746720138038
read      456.6   197.9    86.8   229.9   261.2   421.8   519.9   567.5   599.1   635.3   683.0   765.8  1014.4  1477.1  5740.6 141097.8   165000  1746720139545  1746720144747
read      442.0   205.3    86.8   209.6   239.9   406.6   485.3   534.4   573.3   622.9   691.1   793.0  1045.1  1579.6  5538.0 144074.3   170000  1746720146254  1746720151456
read      471.2   209.7    86.8   226.5   260.2   435.5   524.6   575.7   614.2   661.7   727.0   836.5  1074.1  1541.2  4682.3 136811.7   175000  1746720152961  1746720158164
read      456.6   194.7    93.8   236.5   265.6   421.0   520.6   567.6   598.4   633.8   680.6   763.9   996.9  1311.1  7073.7 141434.2   180000  1746720159668  1746720164871
read      464.2   248.3    80.4   231.0   260.7   427.1   525.8   574.7   608.1   646.3   699.4   792.1  1097.9  1406.5  7291.5 139184.7   185000  1746720166376  1746720171579
read      459.4   201.2    86.8   236.7   265.4   426.2   522.6   567.7   597.6   633.6   682.1   771.0  1026.3  1274.8  5658.7 140616.0   190000  1746720173083  1746720178285
read      473.2   206.3    86.8   240.9   273.0   430.2   538.7   590.5   625.1   664.3   714.3   802.0  1055.5  1529.2  4735.4 136569.6   195000  1746720179790  1746720184993
read      469.7   200.8    80.4   234.6   264.5   435.9   523.4   574.6   612.9   660.7   726.9   822.3  1008.3  1377.1  4945.6 137657.2   200000  1746720186497  1746720191701
read      472.7   188.1    80.4   257.3   287.2   422.3   532.8   598.3   636.1   675.5   720.6   783.3   929.0  1245.6  4562.8 136751.4   205000  1746720193206  1746720198409
read      496.8   217.4    80.4   243.6   276.0   465.0   546.9   594.6   634.6   688.9   777.8   902.0  1091.0  1470.2  5236.0 130263.6   210000  1746720199913  1746720205116
read      469.0   185.8    86.8   253.2   281.9   422.3   534.4   592.1   627.0   664.6   708.5   774.9   971.3  1255.9  4308.7 137800.4   215000  1746720206622  1746720211824
read      476.0   189.1    80.4   256.5   284.4   427.0   539.0   598.7   635.5   676.1   724.4   796.1  1010.7  1291.2  3965.1 135890.6   220000  1746720213328  1746720218529
Warning! Detected max cpu usage > 95%
CPU Usage Stats (avg/min/max): 79.50%,38.50%,100.00%
