#type       avg     std     min      p5     p10     p50     p67     p75     p80     p85     p90     p95     p99    p999   p9999      QPS   target       ts_start         ts_end
read      154.1    86.3    54.7    82.6    93.4   151.2   166.8   175.6   182.6   190.8   202.1   224.6   283.8  1007.7  3173.3   4983.6     5000  1746616918690  1746616923902
read      171.3    79.2    50.7    91.4   107.1   168.7   186.3   196.9   204.4   214.4   227.6   249.2   304.8   874.3  3922.6   9976.8    10000  1746616925405  1746616930602
read      182.5    63.8    50.7    97.5   110.6   180.5   201.8   214.1   223.1   233.9   249.4   272.3   329.3   464.4  1076.1  14990.4    15000  1746616932104  1746616937272
read      190.3    73.7    46.9    98.3   110.4   189.4   213.9   227.3   236.2   248.6   263.9   287.4   337.6   432.8  1745.1  20017.6    20000  1746616938775  1746616943943
read      201.8    78.5    50.7    98.6   110.3   201.1   230.4   245.8   256.4   269.3   285.7   311.4   367.5   501.4  1683.3  24973.3    25000  1746616945445  1746616950614
read      204.0   179.4    54.7    96.2   106.8   200.8   233.3   250.5   262.5   275.4   293.4   319.7   387.6   539.1  4641.9  29828.2    30000  1746616952118  1746616957284
read      209.4    78.7    50.7    97.0   107.7   207.8   245.4   264.2   276.5   291.6   310.1   337.6   396.6   481.6  1199.5  34843.8    35000  1746616958788  1746616963954
read      203.3    81.5    46.9    95.5   105.6   197.4   237.3   258.1   271.7   287.7   307.1   335.9   394.2   488.4  1352.4  39952.7    40000  1746616965457  1746616970628
read      210.3    86.2    50.7    97.4   108.0   202.9   247.0   268.6   283.3   299.5   319.3   350.6   417.4   535.5  1857.0  44827.4    45000  1746616972130  1746616977298
read      220.2   184.8    54.7    99.0   109.5   211.3   259.2   282.9   298.5   316.3   338.1   370.0   436.2   570.8  2304.2  50067.6    50000  1746616978801  1746616983971
read      208.2   101.0    46.9    94.2   103.1   196.8   244.7   269.2   285.6   303.6   325.7   359.9   432.4   613.2  2708.5  54876.0    55000  1746616985474  1746616990644
read      212.5    94.2    43.4    95.9   105.2   199.0   250.5   277.5   295.2   314.4   337.9   371.9   444.1   590.0  1491.6  60101.2    60000  1746616992148  1746616997317
read      217.1   304.2    54.7    93.3   102.1   199.7   252.1   279.7   298.2   318.3   342.8   378.1   453.7   879.0 22162.9  65039.6    65000  1746616998821  1746617003989
read      215.3   105.0    43.4    93.9   103.1   199.4   254.0   283.0   302.5   323.9   349.5   387.4   461.0   604.6  2882.1  69953.0    70000  1746617005492  1746617010662
read      220.4   104.2    54.7    96.0   105.5   202.3   259.4   290.1   310.9   333.8   361.7   400.8   484.4   670.5  1917.8  74617.5    75000  1746617012165  1746617017335
read      212.9   100.8    50.7    94.0   102.8   193.7   249.3   281.1   302.3   325.1   352.6   392.2   469.1   615.6  1816.2  79995.8    80000  1746617018838  1746617024008
read      219.0   105.9    54.7    94.3   103.6   199.4   257.2   289.3   311.4   335.9   364.6   403.8   491.1   666.3  1435.2  84986.6    85000  1746617025513  1746617030686
read      218.6   117.3    54.7    95.5   105.1   195.5   253.1   285.9   308.9   334.1   363.9   404.6   501.2   836.0  2831.7  90159.6    90000  1746617032189  1746617037361
read      223.1   107.0    54.7    96.3   106.1   199.5   261.4   296.5   320.3   346.0   376.1   420.0   504.1   636.3   854.5  94956.0    95000  1746617038865  1746617044031
read      226.8   167.8    50.7    97.2   107.2   196.5   260.8   298.7   324.4   352.2   384.4   429.6   530.0   867.9 10613.1  99853.7   100000  1746617045535  1746617050705
read      214.9   107.2    50.7    95.5   105.0   187.9   247.7   283.3   308.1   334.8   365.7   405.9   490.7   633.5  1472.1 105155.8   105000  1746617052208  1746617057378
read      230.4   238.2    54.7    98.9   109.2   192.5   257.6   301.0   330.5   361.4   396.1   446.1   559.9  1372.3  3584.8 109956.6   110000  1746617058880  1746617064047
read      232.7   204.5    50.7    98.8   109.2   193.6   261.4   307.9   339.8   372.8   410.3   465.0   584.7   829.7  1818.1 114913.4   115000  1746617065549  1746617070719
read      247.9   142.7    59.1   103.3   114.8   204.2   274.8   326.1   361.2   396.9   439.1   504.7   670.4  1027.1  1983.7 120092.5   120000  1746617072222  1746617077392
read      250.8   142.5    50.7   105.5   117.5   207.3   276.5   328.6   364.2   400.8   443.9   508.4   666.8  1026.0  2617.1 125012.0   125000  1746617078896  1746617084063
read      274.8   182.1    54.7   109.1   121.9   215.6   293.1   354.6   395.6   441.5   500.2   603.4   870.2  1387.7  3526.5 129897.8   130000  1746617085567  1746617090738
read      277.1   195.1    46.9   110.0   122.3   206.5   282.4   355.0   404.4   455.7   519.5   629.7   980.8  1585.4  2639.1 135148.9   135000  1746617092242  1746617097414
read      306.7   231.9    59.1   115.9   130.4   215.6   300.0   388.7   449.2   517.1   607.5   762.3  1143.5  1666.4  4163.6 140569.4   140000  1746617098918  1746617104089
read      455.2   548.2    63.8   141.2   162.9   234.5   273.2   317.9   484.7  1066.2  1333.5  1490.5  2583.4  3782.4  8019.1 138872.9   145000  1746617105591  1746617110758
read      477.0   587.5    68.9   142.3   165.7   246.4   286.7   327.8   474.9  1179.4  1359.0  1532.3  3062.3  4364.4  8015.5 136421.5   150000  1746617112261  1746617117430
read      473.1   604.8    63.8   142.9   167.7   243.5   280.6   319.2   439.6  1052.8  1350.9  1532.6  3179.5  5149.6  8022.5 137196.6   155000  1746617118933  1746617124101
read      495.2   617.2    63.8   143.0   166.4   258.6   302.6   352.5   534.1  1136.2  1373.3  1567.6  3200.3  4748.3  8057.6 131840.2   160000  1746617125604  1746617130775
read      460.4   600.0    54.7   140.8   162.0   235.8   275.0   316.9   432.9   947.2  1322.3  1510.1  3195.8  5061.7  8081.1 141342.6   165000  1746617132277  1746617137446
read      489.2   656.3    63.8   143.1   166.8   250.0   289.1   324.6   397.6  1081.7  1371.5  1578.6  3336.0  6147.8  8088.5 133961.6   170000  1746617138948  1746617144117
read      474.2   618.7    59.1   139.8   162.1   244.1   280.6   314.7   393.0  1115.7  1363.6  1551.8  3245.2  5318.6  8039.5 137750.8   175000  1746617145621  1746617150788
read      466.9   626.5    59.1   140.9   162.5   240.9   280.4   319.6   428.2  1003.3  1338.7  1530.8  3142.6  5326.0  8501.0 139777.2   180000  1746617152291  1746617157462
read      493.8   688.4    68.9   139.2   162.5   253.0   291.8   325.9   384.5   922.9  1371.0  1624.2  3380.0  7103.0  8124.3 133007.8   185000  1746617158966  1746617164136
read      447.0   586.5    50.7   139.8   158.8   229.0   265.8   303.4   406.9   962.3  1319.9  1486.9  2891.6  5058.8 11764.9 145781.6   190000  1746617165638  1746617170809
read      449.1   623.3    68.9   144.0   163.3   226.1   259.4   290.3   339.4   826.0  1320.2  1520.3  3276.3  5489.3  8075.7 145536.9   195000  1746617172313  1746617177481
read      459.9   633.2    63.8   142.2   164.5   233.0   265.6   294.0   343.6   904.4  1333.5  1533.1  3298.8  5675.8  8076.8 142367.8   200000  1746617178985  1746617184158
read      474.6   662.1    68.9   140.4   164.1   240.8   274.9   307.3   360.7   929.8  1348.2  1559.7  3357.8  7044.0  9182.9 138134.8   205000  1746617185661  1746617190829
read      450.9   621.2    63.8   147.7   166.4   227.9   259.2   290.3   348.8   806.7  1310.6  1526.7  3257.1  5414.0  8078.1 145038.2   210000  1746617192332  1746617197502
read      474.4   661.0    68.9   143.9   166.8   241.4   274.5   306.4   362.9   891.1  1340.3  1571.3  3352.6  7020.9  8114.3 138265.3   215000  1746617199005  1746617204173
read      469.3   641.8    63.8   146.4   169.6   238.3   271.7   303.6   366.4   914.5  1338.1  1552.1  3295.7  6404.4  8088.5 139641.4   220000  1746617205676  1746617210844
Warning! Detected max cpu usage > 95%
CPU Usage Stats (avg/min/max): 56.78%,0.50%,100.00%
